14706055.4 4652182.6 1615.6
14707677.577931 4652182.6 1621.25002999404
14709299.7558621 4652182.6 1621.41377208879
14710921.9337931 4652182.6 1619.33917339932
14712544.1117241 4652182.6 1611.75770381863
14714166.2896552 4652182.6 1614.5283908727
14715788.4675862 4652182.6 1613.79530846571
14717410.6455172 4652182.6 1614.96300213494
14719032.8234483 4652182.6 1622.10032482639
14720655.0013793 4652182.6 1623.0006581421
14722277.1793103 4652182.6 1628.90069398449
14723899.3572414 4652182.6 1635.40665222515
14725521.5351724 4652182.6 1640.97113566902
14727143.7131034 4652182.6 1652.57027067101
14728765.8910345 4652182.6 1655.54287886946
14730388.0689655 4652182.6 1661.29782479011
14732010.2468966 4652182.6 1663.61437884868
14733632.4248276 4652182.6 1666.09702942808
14735254.6027586 4652182.6 1668.61216049752
14736876.7806897 4652182.6 1670.10609178748
14738498.9586207 4652182.6 1670.63264999866
14740121.1365517 4652182.6 1670.62980412446
14741743.3144828 4652182.6 1659.14983687069
14743365.4924138 4652182.6 1655.99016641918
14744987.6703448 4652182.6 1652.52172160514
14746609.8482759 4652182.6 1649.19562278976
14748232.0262069 4652182.6 1646.27814552538
14749854.2041379 4652182.6 1644.02532831827
14751476.382069 4652182.6 1642.57661346165
14753098.56 4652182.6 1641.89144889423
14706055.4 4652634.77894737 1618.58032746113
14707677.577931 4652634.77894737 1621.36144073383
14709299.7558621 4652634.77894737 1621.47494767328
14710921.9337931 4652634.77894737 1619.41670863264
14712544.1117241 4652634.77894737 1612.00116259279
14714166.2896552 4652634.77894737 1614.73891416109
14715788.4675862 4652634.77894737 1614.44383096141
14717410.6455172 4652634.77894737 1616.71721884744
14719032.8234483 4652634.77894737 1621.48023964762
14720655.0013793 4652634.77894737 1621.21279271679
14722277.1793103 4652634.77894737 1628.04344365547
14723899.3572414 4652634.77894737 1633.34123736604
14725521.5351724 4652634.77894737 1641.5721219471
14727143.7131034 4652634.77894737 1652.8033633535
14728765.8910345 4652634.77894737 1654.94761981575
14730388.0689655 4652634.77894737 1660.6583507256
14732010.2468966 4652634.77894737 1663.1798524628
14733632.4248276 4652634.77894737 1666.02621212128
14735254.6027586 4652634.77894737 1669.02049302973
14736876.7806897 4652634.77894737 1670.61263440964
14738498.9586207 4652634.77894737 1671.03829751895
14740121.1365517 4652634.77894737 1664.66367763904
14741743.3144828 4652634.77894737 1659.21895623266
14743365.4924138 4652634.77894737 1655.8131002349
14744987.6703448 4652634.77894737 1652.12723054073
14746609.8482759 4652634.77894737 1648.59005644646
14748232.0262069 4652634.77894737 1645.49708688124
14749854.2041379 4652634.77894737 1643.14547876937
14751476.382069 4652634.77894737 1641.69599901516
14753098.56 4652634.77894737 1641.08850944954
14706055.4 4653086.95789474 1620.23529288005
14707677.577931 4653086.95789474 1621.61646602762
14709299.7558621 4653086.95789474 1621.61482623969
14710921.9337931 4653086.95789474 1619.70936548051
14712544.1117241 4653086.95789474 1614.37916807357
14714166.2896552 4653086.95789474 1615.96083575774
14715788.4675862 4653086.95789474 1616.4331036059
14717410.6455172 4653086.95789474 1620.41157038509
14719032.8234483 4653086.95789474 1622.91357121322
14720655.0013793 4653086.95789474 1620.17611723038
14722277.1793103 4653086.95789474 1626.71547754889
14723899.3572414 4653086.95789474 1628.15605837806
14725521.5351724 4653086.95789474 1642.70207708839
14727143.7131034 4653086.95789474 1653.1534654453
14728765.8910345 4653086.95789474 1653.98481129336
14730388.0689655 4653086.95789474 1659.92703469667
14732010.2468966 4653086.95789474 1662.59664712862
14733632.4248276 4653086.95789474 1665.91805139917
14735254.6027586 4653086.95789474 1669.55596047581
14736876.7806897 4653086.95789474 1671.22322566741
14738498.9586207 4653086.95789474 1671.49218057418
14740121.1365517 4653086.95789474 1664.96741749837
14741743.3144828 4653086.95789474 1659.27216198886
14743365.4924138 4653086.95789474 1655.60927516633
14744987.6703448 4653086.95789474 1651.6938142733
14746609.8482759 4653086.95789474 1647.92870824636
14748232.0262069 4653086.95789474 1644.64346818736
14749854.2041379 4653086.95789474 1642.18690530629
14751476.382069 4653086.95789474 1640.74720506834
14753098.56 4653086.95789474 1640.23773014096
14706055.4 4653539.1368421 1621.30756069344
14707677.577931 4653539.1368421 1621.95154630886
14709299.7558621 4653539.1368421 1621.82550505319
14710921.9337931 4653539.1368421 1620.16570027755
14712544.1117241 4653539.1368421 1616.6804370926
14714166.2896552 4653539.1368421 1617.49141385134
14715788.4675862 4653539.1368421 1618.51549301315
14717410.6455172 4653539.1368421 1623.23688157465
14719032.8234483 4653539.1368421 1626.97979122633
14720655.0013793 4653539.1368421 1621.80822577551
14722277.1793103 4653539.1368421 1623.43504964945
14723899.3572414 4653539.1368421 1618.02215825412
14725521.5351724 4653539.1368421 1644.73962684869
14727143.7131034 4653539.1368421 1653.64944060956
14728765.8910345 4653539.1368421 1655.32691654314
14730388.0689655 4653539.1368421 1659.12529815848
14732010.2468966 4653539.1368421 1661.74150433431
14733632.4248276 4653539.1368421 1665.77532972456
14735254.6027586 4653539.1368421 1670.26427406083
14736876.7806897 4653539.1368421 1671.96248848802
14738498.9586207 4653539.1368421 1671.99576443684
14740121.1365517 4653539.1368421 1665.26985977169
14741743.3144828 4653539.1368421 1661.94923503712
14743365.4924138 4653539.1368421 1655.37602518628
14744987.6703448 4653539.1368421 1651.21914514685
14746609.8482759 4653539.1368421 1647.20737768565
14748232.0262069 4653539.1368421 1643.7098757496
14749854.2041379 4653539.1368421 1641.1409565291
14751476.382069 4653539.1368421 1639.72468367244
14753098.56 4653539.1368421 1639.33804022761
14706055.4 4653991.31578947 1622.07735068892
14707677.577931 4653991.31578947 1622.31667242806
14709299.7558621 4653991.31578947 1622.09452214419
14710921.9337931 4653991.31578947 1620.71710146851
14712544.1117241 4653991.31578947 1618.4644028127
14714166.2896552 4653991.31578947 1618.94089241157
14715788.4675862 4653991.31578947 1620.2394835084
14717410.6455172 4653991.31578947 1624.55204423868
14719032.8234483 4653991.31578947 1627.47229958411
14720655.0013793 4653991.31578947 1624.40376250545
14722277.1793103 4653991.31578947 1625.46799049055
14723899.3572414 4653991.31578947 1637.22890555697
14725521.5351724 4653991.31578947 1652.07628846023
14727143.7131034 4653991.31578947 1654.37917583651
14728765.8910345 4653991.31578947 1651.27919131121
14730388.0689655 4653991.31578947 1658.41188212301
14732010.2468966 4653991.31578947 1660.42822563175
14733632.4248276 4653991.31578947 1665.70876906943
14735254.6027586 4653991.31578947 1671.19893880106
14736876.7806897 4653991.31578947 1672.86498524572
14738498.9586207 4653991.31578947 1672.54690825733
14740121.1365517 4653991.31578947 1662.79934277673
14741743.3144828 4653991.31578947 1661.92231986733
14743365.4924138 4653991.31578947 1655.11090021952
14744987.6703448 4653991.31578947 1650.70134445582
14746609.8482759 4653991.31578947 1646.42197562983
14748232.0262069 4653991.31578947 1642.68801870819
14749854.2041379 4653991.31578947 1639.9975590163
14751476.382069 4653991.31578947 1638.6225381689
14753098.56 4653991.31578947 1638.38918149115
14706055.4 4654443.49473684 1622.67318621019
14707677.577931 4654443.49473684 1622.68591363797
14709299.7558621 4654443.49473684 1622.40747828782
14710921.9337931 4654443.49473684 1621.30624996922
14712544.1117241 4654443.49473684 1619.8492900197
14714166.2896552 4654443.49473684 1620.21894404774
14715788.4675862 4654443.49473684 1621.60325626179
14717410.6455172 4654443.49473684 1625.04346616658
14719032.8234483 4654443.49473684 1627.43241384959
14720655.0013793 4654443.49473684 1626.76829897577
14722277.1793103 4654443.49473684 1631.52517737861
14723899.3572414 4654443.49473684 1643.88937911516
14725521.5351724 4654443.49473684 1656.12178491523
14727143.7131034 4654443.49473684 1655.81417755294
14728765.8910345 4654443.49473684 1640.38543802794
14730388.0689655 4654443.49473684 1658.76806301233
14732010.2468966 4654443.49473684 1658.93464974875
14733632.4248276 4654443.49473684 1666.20903628174
14735254.6027586 4654443.49473684 1672.40697880353
14736876.7806897 4654443.49473684 1673.98794239736
14738498.9586207 4654443.49473684 1673.13588552229
14740121.1365517 4654443.49473684 1663.03871509165
14741743.3144828 4654443.49473684 1659.3647122145
14743365.4924138 4654443.49473684 1654.81188007738
14744987.6703448 4654443.49473684 1650.13921668623
14746609.8482759 4654443.49473684 1645.56872114481
14748232.0262069 4654443.49473684 1641.56858797497
14749854.2041379 4654443.49473684 1638.74478074399
14751476.382069 4654443.49473684 1637.43457734822
14753098.56 4654443.49473684 1637.39212732312
14706055.4 4654895.67368421 1623.16166013721
14707677.577931 4654895.67368421 1623.04885469512
14709299.7558621 4654895.67368421 1622.75033049515
14710921.9337931 4654895.67368421 1621.8963449831
14712544.1117241 4654895.67368421 1620.96418859512
14714166.2896552 4654895.67368421 1621.32863728479
14715788.4675862 4654895.67368421 1622.69471884915
14717410.6455172 4654895.67368421 1626.93916075726
14719032.8234483 4654895.67368421 1627.9106379786
14720655.0013793 4654895.67368421 1628.70802953125
14722277.1793103 4654895.67368421 1634.57886171667
14723899.3572414 4654895.67368421 1646.7864978569
14725521.5351724 4654895.67368421 1660.22159619432
14727143.7131034 4654895.67368421 1659.11742410477
14728765.8910345 4654895.67368421 1653.3528880912
14730388.0689655 4654895.67368421 1662.8633730372
14732010.2468966 4654895.67368421 1661.08654055683
14733632.4248276 4654895.67368421 1668.27133979058
14735254.6027586 4654895.67368421 1673.904650091
14736876.7806897 4654895.67368421 1675.44972591949
14738498.9586207 4654895.67368421 1673.73776309466
14740121.1365517 4654895.67368421 1663.2303456047
14741743.3144828 4654895.67368421 1659.26784416806
14743365.4924138 4654895.67368421 1654.47763232839
14744987.6703448 4654895.67368421 1649.53253612288
14746609.8482759 4654895.67368421 1644.64442750498
14748232.0262069 4654895.67368421 1640.34109604545
14749854.2041379 4654895.67368421 1637.36817849221
14751476.382069 4654895.67368421 1636.15442835445
14753098.56 4654895.67368421 1636.34968760441
14706055.4 4655347.85263158 1623.58018735258
14707677.577931 4655347.85263158 1623.40212472279
14709299.7558621 4655347.85263158 1623.11084322004
14710921.9337931 4655347.85263158 1622.46769017337
14712544.1117241 4655347.85263158 1621.89390488218
14714166.2896552 4655347.85263158 1622.29265277135
14715788.4675862 4655347.85263158 1623.59564390675
14717410.6455172 4655347.85263158 1627.44059284417
14719032.8234483 4655347.85263158 1628.61630190136
14720655.0013793 4655347.85263158 1630.26733623803
14722277.1793103 4655347.85263158 1636.17966603024
14723899.3572414 4655347.85263158 1648.28733744516
14725521.5351724 4655347.85263158 1661.03218744092
14727143.7131034 4655347.85263158 1662.7396708336
14728765.8910345 4655347.85263158 1662.1197524671
14730388.0689655 4655347.85263158 1671.38937967871
14732010.2468966 4655347.85263158 1668.55891784655
14733632.4248276 4655347.85263158 1672.13723933407
14735254.6027586 4655347.85263158 1675.6897906116
14736876.7806897 4655347.85263158 1677.55462295025
14738498.9586207 4655347.85263158 1674.30115674065
14740121.1365517 4655347.85263158 1663.35475761018
14741743.3144828 4655347.85263158 1659.12695090726
14743365.4924138 4655347.85263158 1654.10780000271
14744987.6703448 4655347.85263158 1648.88238673779
14746609.8482759 4655347.85263158 1643.64691559383
14748232.0262069 4655347.85263158 1638.99371558331
14749854.2041379 4655347.85263158 1635.84979265339
14751476.382069 4655347.85263158 1634.77575007621
14753098.56 4655347.85263158 1635.26737969686
14706055.4 4655800.03157895 1623.95098671479
14707677.577931 4655800.03157895 1623.74491635548
14709299.7558621 4655800.03157895 1623.47918609869
14710921.9337931 4655800.03157895 1623.01138240036
14712544.1117241 4655800.03157895 1622.69107431135
14714166.2896552 4655800.03157895 1623.1351399128
14715788.4675862 4655800.03157895 1624.36503320742
14717410.6455172 4655800.03157895 1628.00142764867
14719032.8234483 4655800.03157895 1629.37795710442
14720655.0013793 4655800.03157895 1631.5176031571
14722277.1793103 4655800.03157895 1637.19627489972
14723899.3572414 4655800.03157895 1648.32557488003
14725521.5351724 4655800.03157895 1659.4092484077
14727143.7131034 4655800.03157895 1666.63543686894
14728765.8910345 4655800.03157895 1664.46686766978
14730388.0689655 4655800.03157895 1676.05695085653
14732010.2468966 4655800.03157895 1675.18878330603
14733632.4248276 4655800.03157895 1676.24548459295
14735254.6027586 4655800.03157895 1678.26167273302
14736876.7806897 4655800.03157895 1681.16883809734
14738498.9586207 4655800.03157895 1674.74280499001
14740121.1365517 4655800.03157895 1663.3932949622
14741743.3144828 4655800.03157895 1658.93817618587
14743365.4924138 4655800.03157895 1653.70329441173
14744987.6703448 4655800.03157895 1648.19155087246
14746609.8482759 4655800.03157895 1642.57560729819
14748232.0262069 4655800.03157895 1637.51316703173
14749854.2041379 4655800.03157895 1634.16655394654
14751476.382069 4655800.03157895 1633.29262041943
14753098.56 4655800.03157895 1634.15467240689
14706055.4 4656252.21052632 1624.2877722022
14707677.577931 4656252.21052632 1624.07714392633
14709299.7558621 4656252.21052632 1623.84793073881
14710921.9337931 4656252.21052632 1623.52438557689
14712544.1117241 4656252.21052632 1623.38897239018
14714166.2896552 4656252.21052632 1623.87742065236
14715788.4675862 4656252.21052632 1625.04107520131
14717410.6455172 4656252.21052632 1628.590783451
14719032.8234483 4656252.21052632 1630.12058740868
14720655.0013793 4656252.21052632 1632.52131430442
14722277.1793103 4656252.21052632 1637.905731726
14723899.3572414 4656252.21052632 1647.85940417849
14725521.5351724 4656252.21052632 1657.88605498899
14727143.7131034 4656252.21052632 1665.88681571292
14728765.8910345 4656252.21052632 1665.88151278156
14730388.0689655 4656252.21052632 1677.94521609047
14732010.2468966 4656252.21052632 1688.65897817014
14733632.4248276 4656252.21052632 1676.68939084524
14735254.6027586 4656252.21052632 1678.35753929139
14736876.7806897 4656252.21052632 1685.0543218747
14738498.9586207 4656252.21052632 1674.97276241576
14740121.1365517 4656252.21052632 1663.33218055883
14741743.3144828 4656252.21052632 1658.69964683488
14743365.4924138 4656252.21052632 1653.26655886022
14744987.6703448 4656252.21052632 1647.46493329138
14746609.8482759 4656252.21052632 1641.43236693495
14748232.0262069 4656252.21052632 1635.88477393028
14749854.2041379 4656252.21052632 1632.28769151319
14751476.382069 4656252.21052632 1631.70023128106
14753098.56 4656252.21052632 1633.02672556091
14706055.4 4656704.38947368 1624.59924433028
14707677.577931 4656704.38947368 1624.39882452709
14709299.7558621 4656704.38947368 1624.21173375803
14710921.9337931 4656704.38947368 1624.00655174199
14712544.1117241 4656704.38947368 1624.00945519325
14714166.2896552 4656704.38947368 1624.5370790444
14715788.4675862 4656704.38947368 1627.6016999934
14717410.6455172 4656704.38947368 1629.1800704333
14719032.8234483 4656704.38947368 1630.81225315212
14720655.0013793 4656704.38947368 1633.32872693068
14722277.1793103 4656704.38947368 1638.40218889223
14723899.3572414 4656704.38947368 1647.38897867836
14725521.5351724 4656704.38947368 1656.8144722206
14727143.7131034 4656704.38947368 1665.29289695747
14728765.8910345 4656704.38947368 1666.88110397293
14730388.0689655 4656704.38947368 1675.17542987946
14732010.2468966 4656704.38947368 1688.03923038598
14733632.4248276 4656704.38947368 1676.1800813427
14735254.6027586 4656704.38947368 1676.94684129773
14736876.7806897 4656704.38947368 1680.668487477
14738498.9586207 4656704.38947368 1674.95525719848
14740121.1365517 4656704.38947368 1663.16627091669
14741743.3144828 4656704.38947368 1658.41198738113
14743365.4924138 4656704.38947368 1652.80176334897
14744987.6703448 4656704.38947368 1646.70999311652
14746609.8482759 4656704.38947368 1640.22266937919
14748232.0262069 4656704.38947368 1634.09293990561
14749854.2041379 4656704.38947368 1630.17042621258
14751476.382069 4656704.38947368 1629.99614861936
14753098.56 4656704.38947368 1631.90670155333
14706055.4 4657156.56842105 1624.89103690854
14707677.577931 4657156.56842105 1624.70993263674
14709299.7558621 4657156.56842105 1624.56691684825
14710921.9337931 4657156.56842105 1626.53693257479
14712544.1117241 4657156.56842105 1626.62069950874
14714166.2896552 4657156.56842105 1627.16479142814
14715788.4675862 4657156.56842105 1628.2271292254
14717410.6455172 4657156.56842105 1629.75000851002
14719032.8234483 4657156.56842105 1631.44072786043
14720655.0013793 4657156.56842105 1633.97922740938
14722277.1793103 4657156.56842105 1638.74197483078
14723899.3572414 4657156.56842105 1647.00674981635
14725521.5351724 4657156.56842105 1656.07013411565
14727143.7131034 4657156.56842105 1665.03648162969
14728765.8910345 4657156.56842105 1668.9427012462
14730388.0689655 4657156.56842105 1673.5038498515
14732010.2468966 4657156.56842105 1679.70779844485
14733632.4248276 4657156.56842105 1675.78719022324
14735254.6027586 4657156.56842105 1676.18463592416
14736876.7806897 4657156.56842105 1677.84541416874
14738498.9586207 4657156.56842105 1674.73965107568
14740121.1365517 4657156.56842105 1662.90056475629
14741743.3144828 4657156.56842105 1658.07852929075
14743365.4924138 4657156.56842105 1652.31489059929
14744987.6703448 4657156.56842105 1645.93713536891
14746609.8482759 4657156.56842105 1638.95716639688
14748232.0262069 4657156.56842105 1632.12254759916
14749854.2041379 4657156.56842105 1627.75272578464
14751476.382069 4657156.56842105 1628.18267452645
14753098.56 4657156.56842105 1630.82845005949
14706055.4 4657608.74736842 1625.16685874562
14707677.577931 4657608.74736842 1627.16377269664
14709299.7558621 4657608.74736842 1627.05324890029
14710921.9337931 4657608.74736842 1627.00972830501
14712544.1117241 4657608.74736842 1627.18262711864
14714166.2896552 4657608.74736842 1627.76122536002
14715788.4675862 4657608.74736842 1628.80228827898
14717410.6455172 4657608.74736842 1630.28919987421
14719032.8234483 4657608.74736842 1632.00333893758
14720655.0013793 4657608.74736842 1634.50363416633
14722277.1793103 4657608.74736842 1638.96796323007
14723899.3572414 4657608.74736842 1646.70103386386
14725521.5351724 4657608.74736842 1655.53600399798
14727143.7131034 4657608.74736842 1664.95353890856
14728765.8910345 4657608.74736842 1669.42724211573
14730388.0689655 4657608.74736842 1672.52603898975
14732010.2468966 4657608.74736842 1676.73099952687
14733632.4248276 4657608.74736842 1675.30463843352
14735254.6027586 4657608.74736842 1675.52946238301
14736876.7806897 4657608.74736842 1676.29830181707
14738498.9586207 4657608.74736842 1674.41577655762
14740121.1365517 4657608.74736842 1662.54861006808
14741743.3144828 4657608.74736842 1657.70515087891
14743365.4924138 4657608.74736842 1651.81368048715
14744987.6703448 4657608.74736842 1645.15998585262
14746609.8482759 4657608.74736842 1637.65367384835
14748232.0262069 4657608.74736842 1629.9621746262
14749854.2041379 4657608.74736842 1624.94118813274
14751476.382069 4657608.74736842 1626.27157677348
14753098.56 4657608.74736842 1629.8383403298
14706055.4 4658060.92631579 1627.64556429518
14707677.577931 4658060.92631579 1627.49709747754
14709299.7558621 4658060.92631579 1627.42838070855
14710921.9337931 4658060.92631579 1627.45517528598
14712544.1117241 4658060.92631579 1627.69870893672
14714166.2896552 4658060.92631579 1628.3062528776
14715788.4675862 4658060.92631579 1629.33247696547
14717410.6455172 4658060.92631579 1630.79171082028
14719032.8234483 4658060.92631579 1632.50216071675
14720655.0013793 4658060.92631579 1634.92629073409
14722277.1793103 4658060.92631579 1639.11231697906
14723899.3572414 4658060.92631579 1646.44974233168
14725521.5351724 4658060.92631579 1657.86066746723
14727143.7131034 4658060.92631579 1664.94202907144
14728765.8910345 4658060.92631579 1669.72465223809
14730388.0689655 4658060.92631579 1671.8459974672
14732010.2468966 4658060.92631579 1675.1021109158
14733632.4248276 4658060.92631579 1674.76723346983
14735254.6027586 4658060.92631579 1674.94551308128
14736876.7806897 4658060.92631579 1675.30190861798
14738498.9586207 4658060.92631579 1674.05710897769
14740121.1365517 4658060.92631579 1662.12881604369
14741743.3144828 4658060.92631579 1657.29978904386
14743365.4924138 4658060.92631579 1651.3074123223
14744987.6703448 4658060.92631579 1644.39544058253
14746609.8482759 4658060.92631579 1636.33947455587
14748232.0262069 4658060.92631579 1627.61052212804
14749854.2041379 4658060.92631579 1621.59177279055
14751476.382069 4658060.92631579 1624.29472410238
14753098.56 4658060.92631579 1628.99160305317
14706055.4 4658513.10526316 1627.93730100764
14707677.577931 4658513.10526316 1627.81794265164
14709299.7558621 4658513.10526316 1627.78917982593
14710921.9337931 4658513.10526316 1627.8750048466
14712544.1117241 4658513.10526316 1628.17507709936
14714166.2896552 4658513.10526316 1628.80646941888
14715788.4675862 4658513.10526316 1629.82146368369
14717410.6455172 4658513.10526316 1631.25515578641
14719032.8234483 4658513.10526316 1632.94155893687
14720655.0013793 4658513.10526316 1635.26661246994
14722277.1793103 4658513.10526316 1639.19826363511
14723899.3572414 4658513.10526316 1646.23659942454
14725521.5351724 4658513.10526316 1657.66187383709
14727143.7131034 4658513.10526316 1664.9524582334
14728765.8910345 4658513.10526316 1669.89910618348
14730388.0689655 4658513.10526316 1671.32608737533
14732010.2468966 4658513.10526316 1674.04018257086
14733632.4248276 4658513.10526316 1674.23527311779
14735254.6027586 4658513.10526316 1674.42521284607
14736876.7806897 4658513.10526316 1674.58394519152
14738498.9586207 4658513.10526316 1673.70434502908
14740121.1365517 4658513.10526316 1661.66059712956
14741743.3144828 4658513.10526316 1656.8717456747
14743365.4924138 4658513.10526316 1650.80652072482
14744987.6703448 4658513.10526316 1643.66335272219
14746609.8482759 4658513.10526316 1635.05357515596
14748232.0262069 4658513.10526316 1625.08781497807
14749854.2041379 4658513.10526316 1617.48476888067
14751476.382069 4658513.10526316 1622.33273696927
14753098.56 4658513.10526316 1628.32748517398
14706055.4 4658965.28421053 1628.21624568171
14707677.577931 4658965.28421053 1628.12652602111
14709299.7558621 4658965.28421053 1628.13521938655
14710921.9337931 4658965.28421053 1628.27084284119
14712544.1117241 4658965.28421053 1628.61645857843
14714166.2896552 4658965.28421053 1629.267035076
14715788.4675862 4658965.28421053 1630.27224276857
14717410.6455172 4658965.28421053 1631.67937978488
14719032.8234483 4658965.28421053 1633.32687200939
14720655.0013793 4658965.28421053 1635.54017727733
14722277.1793103 4658965.28421053 1639.24231252835
14723899.3572414 4658965.28421053 1649.62721925695
14725521.5351724 4658965.28421053 1659.64386439399
14727143.7131034 4658965.28421053 1664.96266142065
14728765.8910345 4658965.28421053 1669.99303657835
14730388.0689655 4658965.28421053 1670.91136168335
14732010.2468966 4658965.28421053 1673.28226962433
14733632.4248276 4658965.28421053 1673.73988779182
14735254.6027586 4658965.28421053 1673.959841711
14736876.7806897 4658965.28421053 1674.02663138628
14738498.9586207 4658965.28421053 1673.37436893958
14740121.1365517 4658965.28421053 1663.9209666741
14741743.3144828 4658965.28421053 1656.43093652931
14743365.4924138 4658965.28421053 1650.32205986773
14744987.6703448 4658965.28421053 1642.98571409771
14746609.8482759 4658965.28421053 1633.84811921111
14748232.0262069 4658965.28421053 1622.45393532638
14749854.2041379 4658965.28421053 1612.3215216302
14751476.382069 4658965.28421053 1620.61119896506
14753098.56 4658965.28421053 1627.770222151
14706055.4 4659417.4631579 1628.48356102043
14707677.577931 4659417.4631579 1628.42307766382
14709299.7558621 4659417.4631579 1628.46640763108
14710921.9337931 4659417.4631579 1628.64418873494
14712544.1117241 4659417.4631579 1629.02658586213
14714166.2896552 4659417.4631579 1629.69206813225
14715788.4675862 4659417.4631579 1630.68742220584
14717410.6455172 4659417.4631579 1632.06558823944
14719032.8234483 4659417.4631579 1633.66368714829
14720655.0013793 4659417.4631579 1637.03414406382
14722277.1793103 4659417.4631579 1643.71325502028
14723899.3572414 4659417.4631579 1649.62093453853
14725521.5351724 4659417.4631579 1661.73493290859
14727143.7131034 4659417.4631579 1664.96388470871
14728765.8910345 4659417.4631579 1670.03426989194
14730388.0689655 4659417.4631579 1670.57251814395
14732010.2468966 4659417.4631579 1672.70987360039
14733632.4248276 4659417.4631579 1673.29149951911
14735254.6027586 4659417.4631579 1673.54170217568
14736876.7806897 4659417.4631579 1673.57141910055
14738498.9586207 4659417.4631579 1669.7134805144
14740121.1365517 4659417.4631579 1663.44691583211
14741743.3144828 4659417.4631579 1655.9872024303
14743365.4924138 4659417.4631579 1649.8650518435
14744987.6703448 4659417.4631579 1642.38523191282
14746609.8482759 4659417.4631579 1632.78753960416
14748232.0262069 4659417.4631579 1619.83616151945
14749854.2041379 4659417.4631579 1605.88863652144
14751476.382069 4659417.4631579 1619.87546773534
14753098.56 4659417.4631579 1626.75469267237
14706055.4 4659869.64210526 1628.74010871459
14707677.577931 4659869.64210526 1628.7078479115
14709299.7558621 4659869.64210526 1628.78287839241
14710921.9337931 4659869.64210526 1628.99641696597
14712544.1117241 4659869.64210526 1629.40847534629
14714166.2896552 4659869.64210526 1630.08493585853
14715788.4675862 4659869.64210526 1631.06940974038
14717410.6455172 4659869.64210526 1632.41577842445
14719032.8234483 4659869.64210526 1633.95744602788
14720655.0013793 4659869.64210526 1637.23149664667
14722277.1793103 4659869.64210526 1643.81609791319
14723899.3572414 4659869.64210526 1649.6153083385
14725521.5351724 4659869.64210526 1661.8023321828
14727143.7131034 4659869.64210526 1669.67586215403
14728765.8910345 4659869.64210526 1670.04113844809
14730388.0689655 4659869.64210526 1670.29063048161
14732010.2468966 4659869.64210526 1672.26000941138
14733632.4248276 4659869.64210526 1672.89076891767
14735254.6027586 4659869.64210526 1673.16481073244
14736876.7806897 4659869.64210526 1673.18613624351
14738498.9586207 4659869.64210526 1669.24312364372
14740121.1365517 4659869.64210526 1662.97094287587
14741743.3144828 4659869.64210526 1655.54975075045
14743365.4924138 4659869.64210526 1649.44577659269
14744987.6703448 4659869.64210526 1641.88332138629
14746609.8482759 4659869.64210526 1631.94345758262
14748232.0262069 4659869.64210526 1617.47467741682
14749854.2041379 4659869.64210526 1598.58747769417
14751476.382069 4659869.64210526 1622.5323572308
14753098.56 4659869.64210526 1622.41922925781
14706055.4 4660321.82105263 1628.98654827128
14707677.577931 4660321.82105263 1628.98110897887
14709299.7558621 4660321.82105263 1629.08491498
14710921.9337931 4660321.82105263 1629.32878739586
14712544.1117241 4660321.82105263 1629.76462045736
14714166.2896552 4660321.82105263 1630.44846284628
14715788.4675862 4660321.82105263 1631.42049362188
14717410.6455172 4660321.82105263 1632.73236907722
14719032.8234483 4660321.82105263 1634.21323973669
14720655.0013793 4660321.82105263 1637.39105837682
14722277.1793103 4660321.82105263 1643.8936571644
14723899.3572414 4660321.82105263 1649.60834151001
14725521.5351724 4660321.82105263 1661.86567387825
14727143.7131034 4660321.82105263 1669.73015514233
14728765.8910345 4660321.82105263 1670.02579889016
14730388.0689655 4660321.82105263 1670.05246352605
14732010.2468966 4660321.82105263 1671.89564416516
14733632.4248276 4660321.82105263 1672.53441666435
14735254.6027586 4660321.82105263 1672.82444760851
14736876.7806897 4660321.82105263 1672.85177024473
14738498.9586207 4660321.82105263 1668.7976898708
14740121.1365517 4660321.82105263 1662.50148422131
14741743.3144828 4660321.82105263 1655.12674818273
14743365.4924138 4660321.82105263 1649.07307974735
14744987.6703448 4660321.82105263 1641.49773477196
14746609.8482759 4660321.82105263 1631.38364196989
14748232.0262069 4660321.82105263 1615.77948945376
14749854.2041379 4660321.82105263 1588.5990941073
14751476.382069 4660321.82105263 1630.74061686339
14753098.56 4660321.82105263 1626.7871705842
14706055.4 4660774 1629.22340300143
14707677.577931 4660774 1629.24315318159
14709299.7558621 4660774 1629.37289772002
14710921.9337931 4660774 1629.64245859758
14712544.1117241 4660774 1630.09712767325
14714166.2896552 4660774 1630.78507704723
14715788.4675862 4660774 1631.74287094871
14717410.6455172 4660774 1633.01796020014
14719032.8234483 4660774 1634.43571438669
14720655.0013793 4660774 1637.5196876585
14722277.1793103 4660774 1643.95140016515
14723899.3572414 4660774 1649.59899105632
14725521.5351724 4660774 1661.92185282031
14727143.7131034 4660774 1669.76744647742
14728765.8910345 4660774 1669.99635227742
14730388.0689655 4660774 1669.84846615515
14732010.2468966 4660774 1671.59347595955
14733632.4248276 4660774 1672.21785748552
14735254.6027586 4660774 1672.51667393453
14736876.7806897 4660774 1672.55641747768
14738498.9586207 4660774 1668.37585209136
14740121.1365517 4660774 1662.04496424633
14741743.3144828 4660774 1654.72505722409
14743365.4924138 4660774 1648.75378476543
14744987.6703448 4660774 1641.24027333421
14746609.8482759 4660774 1631.15594768212
14748232.0262069 4660774 1615.26989857373
14749854.2041379 4660774 1553.69907264901
14751476.382069 4660774 1630.73577866985
14753098.56 4660774 1630.16729126878
