14696250 4643956 -3975.46667478524
14697152.7027027 4643956 -3967.14026683428
14698055.4054054 4643956 -3960.62744037562
14698958.1081081 4643956 -3962.76313370683
14699860.8108108 4643956 -3972.28357168499
14700763.5135135 4643956 -3984.06672573872
14701666.2162162 4643956 -3995.43581890331
14702568.9189189 4643956 -4005.20460413977
14703471.6216216 4643956 -4012.40386203253
14704374.3243243 4643956 -4016.66207428661
14705277.027027 4643956 -4018.12305955765
14706179.7297297 4643956 -4017.45218986912
14707082.4324324 4643956 -4015.32954416385
14707985.1351351 4643956 -4012.37366927022
14708887.8378378 4643956 -4008.91228313326
14709790.5405405 4643956 -4005.09066367023
14710693.2432432 4643956 -3996.59810570492
14711595.9459459 4643956 -3981.36144743279
14712498.6486486 4643956 -3965.69700864511
14713401.3513514 4643956 -3951.19358735446
14714304.0540541 4643956 -3938.13289835893
14715206.7567568 4643956 -3922.69795350875
14716109.4594595 4643956 -3905.85447608675
14717012.1621622 4643956 -3888.34078138188
14717914.8648649 4643956 -3869.80400782569
14718817.5675676 4643956 -3849.42234224501
14719720.2702703 4643956 -3828.82047279153
14720622.972973 4643956 -3809.6954296804
14721525.6756757 4643956 -3791.29913943627
14722428.3783784 4643956 -3773.42313022689
14723331.0810811 4643956 -3757.09275924474
14724233.7837838 4643956 -3742.49363474816
14725136.4864865 4643956 -3730.98740553062
14726039.1891892 4643956 -3720.90390958597
14726941.8918919 4643956 -3713.11005150098
14727844.5945946 4643956 -3707.23495892604
14728747.2972973 4643956 -3703.96826311842
14729650 4643956 -3704.50164780052
14730552.7027027 4643956 -3708.99869442287
14731455.4054054 4643956 -3715.06021458206
14732358.1081081 4643956 -3722.18595502137
14733260.8108108 4643956 -3729.89559626328
14734163.5135135 4643956 -3738.3473538989
14735066.2162162 4643956 -3747.30239948536
14735968.9189189 4643956 -3755.8042021372
14736871.6216216 4643956 -3763.9998169883
14737774.3243243 4643956 -3772.16988470113
14738677.027027 4643956 -3780.95245502969
14739579.7297297 4643956 -3790.38215227255
14740482.4324324 4643956 -3800.21289247721
14741385.1351351 4643956 -3810.39840786991
14742287.8378378 4643956 -3821.33656005108
14743190.5405405 4643956 -3833.2791354606
14744093.2432432 4643956 -3846.00410218017
14744995.9459459 4643956 -3857.18550983672
14745898.6486486 4643956 -3864.55979591494
14746801.3513514 4643956 -3867.73787605128
14747704.0540541 4643956 -3869.09488449767
14748606.7567568 4643956 -3872.94853433935
14749509.4594595 4643956 -3876.44073092766
14750412.1621622 4643956 -3879.5311482194
14751314.8648649 4643956 -3882.235363069
14752217.5675676 4643956 -3884.6332017322
14753120.2702703 4643956 -3886.6875105463
14754022.972973 4643956 -3888.44895390041
14754925.6756757 4643956 -3889.88202301393
14755828.3783784 4643956 -3891.0868917714
14756731.0810811 4643956 -3892.03157099222
14757633.7837838 4643956 -3892.77060145034
14758536.4864865 4643956 -3893.28987457697
14759439.1891892 4643956 -3893.6085835191
14760341.8918919 4643956 -3893.76477908592
14761244.5945946 4643956 -3893.77115929466
14762147.2972973 4643956 -3893.62803419579
14763050 4643956 -3893.36681910483
14696250 4644904.5 -3968.07078378806
14697152.7027027 4644904.5 -3952.15550499999
14698055.4054054 4644904.5 -3925.81276506841
14698958.1081081 4644904.5 -3932.62287232142
14699860.8108108 4644904.5 -3957.80433144868
14700763.5135135 4644904.5 -3983.90474398325
14701666.2162162 4644904.5 -3998.37673030223
14702568.9189189 4644904.5 -4012.83525315218
14703471.6216216 4644904.5 -4022.74129042347
14704374.3243243 4644904.5 -4027.62580100344
14705277.027027 4644904.5 -4028.06269891439
14706179.7297297 4644904.5 -4025.59362623459
14707082.4324324 4644904.5 -4021.7060480062
14707985.1351351 4644904.5 -4017.40961071762
14708887.8378378 4644904.5 -4013.04740222445
14709790.5405405 4644904.5 -4008.54888875751
14710693.2432432 4644904.5 -3999.07228435729
14711595.9459459 4644904.5 -3983.54731143355
14712498.6486486 4644904.5 -3968.20695319608
14713401.3513514 4644904.5 -3954.20234993331
14714304.0540541 4644904.5 -3939.85312219891
14715206.7567568 4644904.5 -3923.71498404874
14716109.4594595 4644904.5 -3905.89236444694
14717012.1621622 4644904.5 -3887.83549602179
14717914.8648649 4644904.5 -3868.60794543681
14718817.5675676 4644904.5 -3847.82319892344
14719720.2702703 4644904.5 -3826.88464516759
14720622.972973 4644904.5 -3807.61853792471
14721525.6756757 4644904.5 -3789.11723151718
14722428.3783784 4644904.5 -3771.29174074431
14723331.0810811 4644904.5 -3755.0452039531
14724233.7837838 4644904.5 -3740.6120584692
14725136.4864865 4644904.5 -3728.95016876812
14726039.1891892 4644904.5 -3718.65847853942
14726941.8918919 4644904.5 -3710.47507041086
14727844.5945946 4644904.5 -3704.51335978613
14728747.2972973 4644904.5 -3701.50965376173
14729650 4644904.5 -3702.35360846215
14730552.7027027 4644904.5 -3707.11353761705
14731455.4054054 4644904.5 -3713.12341148722
14732358.1081081 4644904.5 -3720.26227786029
14733260.8108108 4644904.5 -3728.18980145263
14734163.5135135 4644904.5 -3737.04275664992
14735066.2162162 4644904.5 -3746.18815997122
14735968.9189189 4644904.5 -3755.01607925987
14736871.6216216 4644904.5 -3763.64874172505
14737774.3243243 4644904.5 -3772.36884584745
14738677.027027 4644904.5 -3781.84709558121
14739579.7297297 4644904.5 -3791.88552076686
14740482.4324324 4644904.5 -3802.36516744812
14741385.1351351 4644904.5 -3813.25663167439
14742287.8378378 4644904.5 -3824.88579310257
14743190.5405405 4644904.5 -3837.49948390992
14744093.2432432 4644904.5 -3850.30275530668
14744995.9459459 4644904.5 -3860.93920632697
14745898.6486486 4644904.5 -3867.52450998992
14746801.3513514 4644904.5 -3870.24070922471
14747704.0540541 4644904.5 -3872.93803578023
14748606.7567568 4644904.5 -3876.93388644033
14749509.4594595 4644904.5 -3880.49560662269
14750412.1621622 4644904.5 -3883.64856202431
14751314.8648649 4644904.5 -3886.37362117462
14752217.5675676 4644904.5 -3888.7403570231
14753120.2702703 4644904.5 -3890.75195676194
14754022.972973 4644904.5 -3892.44939183458
14754925.6756757 4644904.5 -3893.82116276628
14755828.3783784 4644904.5 -3894.93051124228
14756731.0810811 4644904.5 -3895.75369758773
14757633.7837838 4644904.5 -3896.35900679359
14758536.4864865 4644904.5 -3896.73635267081
14759439.1891892 4644904.5 -3896.92809231436
14760341.8918919 4644904.5 -3896.95610966266
14761244.5945946 4644904.5 -3896.80028702934
14762147.2972973 4644904.5 -3896.50769749483
14763050 4644904.5 -3896.09879697874
14696250 4645853 -3962.05859372679
14697152.7027027 4645853 -3935.85329278961
14698055.4054054 4645853 -3876.84215219765
14698958.1081081 4645853 -3891.12340104863
14699860.8108108 4645853 -3923.38602104985
14700763.5135135 4645853 -3962.92037159752
14701666.2162162 4645853 -4000.22160990887
14702568.9189189 4645853 -4029.58230425681
14703471.6216216 4645853 -4060.3248948734
14704374.3243243 4645853 -4053.74930893273
14705277.027027 4645853 -4047.31200796801
14706179.7297297 4645853 -4038.75941765828
14707082.4324324 4645853 -4030.51450745433
14707985.1351351 4645853 -4023.82137480022
14708887.8378378 4645853 -4018.31198990415
14709790.5405405 4645853 -4013.10170148741
14710693.2432432 4645853 -4002.67899684627
14711595.9459459 4645853 -3987.0506787111
14712498.6486486 4645853 -3972.13860835145
14713401.3513514 4645853 -3957.90383736246
14714304.0540541 4645853 -3942.40596101682
14715206.7567568 4645853 -3925.08806352007
14716109.4594595 4645853 -3906.31501748339
14717012.1621622 4645853 -3887.61034191356
14717914.8648649 4645853 -3867.70271805997
14718817.5675676 4645853 -3846.52169113168
14719720.2702703 4645853 -3825.31740235212
14720622.972973 4645853 -3806.04608792806
14721525.6756757 4645853 -3787.02607550081
14722428.3783784 4645853 -3769.38951797243
14723331.0810811 4645853 -3753.18883191241
14724233.7837838 4645853 -3738.69807790711
14725136.4864865 4645853 -3726.56359426348
14726039.1891892 4645853 -3715.90013930098
14726941.8918919 4645853 -3707.43051142186
14727844.5945946 4645853 -3701.32042612469
14728747.2972973 4645853 -3698.43696086641
14729650 4645853 -3699.85760667122
14730552.7027027 4645853 -3704.49438286944
14731455.4054054 4645853 -3710.49483059527
14732358.1081081 4645853 -3717.80925184336
14733260.8108108 4645853 -3726.16259547854
14734163.5135135 4645853 -3735.19482526258
14735066.2162162 4645853 -3744.63132524921
14735968.9189189 4645853 -3753.96810297526
14736871.6216216 4645853 -3763.19696755589
14737774.3243243 4645853 -3772.5879407969
14738677.027027 4645853 -3782.77184265399
14739579.7297297 4645853 -3793.54304369939
14740482.4324324 4645853 -3804.82540216227
14741385.1351351 4645853 -3816.63883978607
14742287.8378378 4645853 -3829.05512436606
14743190.5405405 4645853 -3842.32291045365
14744093.2432432 4645853 -3854.76895560159
14744995.9459459 4645853 -3864.7944063916
14745898.6486486 4645853 -3870.66434081476
14746801.3513514 4645853 -3873.29431050775
14747704.0540541 4645853 -3877.2799354627
14748606.7567568 4645853 -3881.40412654019
14749509.4594595 4645853 -3885.05622891605
14750412.1621622 4645853 -3888.21185705375
14751314.8648649 4645853 -3890.95373875935
14752217.5675676 4645853 -3893.28478879622
14753120.2702703 4645853 -3895.21924196926
14754022.972973 4645853 -3896.8155240753
14754925.6756757 4645853 -3898.06437827405
14755828.3783784 4645853 -3899.04160844013
14756731.0810811 4645853 -3899.75081922281
14757633.7837838 4645853 -3900.20930902684
14758536.4864865 4645853 -3900.43329813251
14759439.1891892 4645853 -3900.47457353705
14760341.8918919 4645853 -3900.31629395161
14761244.5945946 4645853 -3899.99601083752
14762147.2972973 4645853 -3899.53139720321
14763050 4645853 -3898.94119879645
14696250 4646801.5 -3960.84569200331
14697152.7027027 4646801.5 -3925.64415144304
14698055.4054054 4646801.5 -3860.01965037148
14698958.1081081 4646801.5 -3867.86000727499
14699860.8108108 4646801.5 -3899.44112553025
14700763.5135135 4646801.5 -3939.08907847768
14701666.2162162 4646801.5 -3976.75848001344
14702568.9189189 4646801.5 -4013.52776448656
14703471.6216216 4646801.5 -4046.38115568563
14704374.3243243 4646801.5 -4067.4343732584
14705277.027027 4646801.5 -4092.52862376247
14706179.7297297 4646801.5 -4073.8306728781
14707082.4324324 4646801.5 -4047.1081036035
14707985.1351351 4646801.5 -4033.90244066727
14708887.8378378 4646801.5 -4026.86067104363
14709790.5405405 4646801.5 -4020.38967235537
14710693.2432432 4646801.5 -4009.18245975057
14711595.9459459 4646801.5 -3994.03620585333
14712498.6486486 4646801.5 -3979.70587164914
14713401.3513514 4646801.5 -3963.68233280945
14714304.0540541 4646801.5 -3946.80700024453
14715206.7567568 4646801.5 -3928.10505750382
14716109.4594595 4646801.5 -3908.1052536757
14717012.1621622 4646801.5 -3888.55779969423
14717914.8648649 4646801.5 -3867.89709523144
14718817.5675676 4646801.5 -3846.1875945704
14719720.2702703 4646801.5 -3824.7141841883
14720622.972973 4646801.5 -3805.12869040587
14721525.6756757 4646801.5 -3785.7812545894
14722428.3783784 4646801.5 -3768.20007500906
14723331.0810811 4646801.5 -3751.57948799185
14724233.7837838 4646801.5 -3736.77434541212
14725136.4864865 4646801.5 -3723.88313177783
14726039.1891892 4646801.5 -3712.71101282304
14726941.8918919 4646801.5 -3703.8573760606
14727844.5945946 4646801.5 -3697.53555627582
14728747.2972973 4646801.5 -3694.80460488039
14729650 4646801.5 -3696.70466497304
14730552.7027027 4646801.5 -3701.1886714206
14731455.4054054 4646801.5 -3707.32067403396
14732358.1081081 4646801.5 -3714.7552210732
14733260.8108108 4646801.5 -3723.4160198586
14734163.5135135 4646801.5 -3732.79334861109
14735066.2162162 4646801.5 -3742.61298275347
14735968.9189189 4646801.5 -3752.61962809267
14736871.6216216 4646801.5 -3762.58134710513
14737774.3243243 4646801.5 -3772.81233693274
14738677.027027 4646801.5 -3783.83996264563
14739579.7297297 4646801.5 -3795.50857229337
14740482.4324324 4646801.5 -3807.82336713249
14741385.1351351 4646801.5 -3820.39279844656
14742287.8378378 4646801.5 -3833.76049093847
14743190.5405405 4646801.5 -3847.34861423334
14744093.2432432 4646801.5 -3859.59298607765
14744995.9459459 4646801.5 -3869.14896395248
14745898.6486486 4646801.5 -3874.42779101738
14746801.3513514 4646801.5 -3877.44597144847
14747704.0540541 4646801.5 -3882.24881454319
14748606.7567568 4646801.5 -3886.47683272332
14749509.4594595 4646801.5 -3890.17710172063
14750412.1621622 4646801.5 -3893.33477046457
14751314.8648649 4646801.5 -3896.03689776269
14752217.5675676 4646801.5 -3898.2782664845
14753120.2702703 4646801.5 -3900.11626747748
14754022.972973 4646801.5 -3901.58244788673
14754925.6756757 4646801.5 -3902.70009411741
14755828.3783784 4646801.5 -3903.50933564253
14756731.0810811 4646801.5 -3904.03560643316
14757633.7837838 4646801.5 -3904.30832163474
14758536.4864865 4646801.5 -3904.33864357178
14759439.1891892 4646801.5 -3904.18671948397
14760341.8918919 4646801.5 -3903.85022537457
14761244.5945946 4646801.5 -3903.32294010686
14762147.2972973 4646801.5 -3902.66721587523
14763050 4646801.5 -3901.89100739903
14696250 4647750 -3966.90919323905
14697152.7027027 4647750 -3928.07830808136
14698055.4054054 4647750 -3876.12602044165
14698958.1081081 4647750 -3884.37532931718
14699860.8108108 4647750 -3895.99023976404
14700763.5135135 4647750 -3927.92769404761
14701666.2162162 4647750 -3965.04619661644
14702568.9189189 4647750 -3989.83003200964
14703471.6216216 4647750 -4017.18584867299
14704374.3243243 4647750 -4033.67705641021
14705277.027027 4647750 -4046.58418323144
14706179.7297297 4647750 -4049.60844532662
14707082.4324324 4647750 -4044.54549771779
14707985.1351351 4647750 -4042.21624102234
14708887.8378378 4647750 -4047.48100230243
14709790.5405405 4647750 -4035.88814724875
14710693.2432432 4647750 -4032.00433668828
14711595.9459459 4647750 -4020.44864121427
14712498.6486486 4647750 -4004.52076476704
14713401.3513514 4647750 -3985.46505107713
14714304.0540541 4647750 -3965.44669305338
14715206.7567568 4647750 -3944.5229060991
14716109.4594595 4647750 -3916.72838347952
14717012.1621622 4647750 -3896.89983422565
14717914.8648649 4647750 -3873.24311402603
14718817.5675676 4647750 -3849.31665780776
14719720.2702703 4647750 -3827.13310041326
14720622.972973 4647750 -3806.3664136037
14721525.6756757 4647750 -3786.59656551009
14722428.3783784 4647750 -3768.48609172347
14723331.0810811 4647750 -3751.04761985921
14724233.7837838 4647750 -3735.18630885159
14725136.4864865 4647750 -3721.05273146969
14726039.1891892 4647750 -3708.95718881427
14726941.8918919 4647750 -3699.73026203037
14727844.5945946 4647750 -3693.0627549094
14728747.2972973 4647750 -3690.5897368947
14729650 4647750 -3692.78166503046
14730552.7027027 4647750 -3697.05070532967
14731455.4054054 4647750 -3703.23907168316
14732358.1081081 4647750 -3710.88734031235
14733260.8108108 4647750 -3719.89503386272
14734163.5135135 4647750 -3729.71238291218
14735066.2162162 4647750 -3740.11671908715
14735968.9189189 4647750 -3750.9258703875
14736871.6216216 4647750 -3761.77741401388
14737774.3243243 4647750 -3773.08159643629
14738677.027027 4647750 -3785.1905572016
14739579.7297297 4647750 -3798.01746509606
14740482.4324324 4647750 -3811.41231788794
14741385.1351351 4647750 -3824.75130477929
14742287.8378378 4647750 -3839.05227545206
14743190.5405405 4647750 -3852.82328318035
14744093.2432432 4647750 -3864.70788982217
14744995.9459459 4647750 -3873.95126529857
14745898.6486486 4647750 -3878.89097762167
14746801.3513514 4647750 -3882.98589415832
14747704.0540541 4647750 -3887.94084546598
14748606.7567568 4647750 -3892.26099064679
14749509.4594595 4647750 -3895.95539586268
14750412.1621622 4647750 -3899.06778565056
14751314.8648649 4647750 -3901.65810184385
14752217.5675676 4647750 -3903.75880062745
14753120.2702703 4647750 -3905.44777413977
14754022.972973 4647750 -3906.73465002684
14754925.6756757 4647750 -3907.64623750968
14755828.3783784 4647750 -3908.2749833063
14756731.0810811 4647750 -3908.61351696687
14757633.7837838 4647750 -3908.66739731995
14758536.4864865 4647750 -3908.50885923697
14759439.1891892 4647750 -3908.13008253589
14760341.8918919 4647750 -3907.56728926795
14761244.5945946 4647750 -3906.82204486641
14762147.2972973 4647750 -3905.95809960484
14763050 4647750 -3904.97129037778
14696250 4648698.5 -3982.159481173
14697152.7027027 4648698.5 -3915.13518543246
14698055.4054054 4648698.5 -3893.95509395023
14698958.1081081 4648698.5 -3904.96043314055
14699860.8108108 4648698.5 -3910.02675722721
14700763.5135135 4648698.5 -3936.20434993513
14701666.2162162 4648698.5 -3965.3802092821
14702568.9189189 4648698.5 -3982.01251612703
14703471.6216216 4648698.5 -3994.14894716199
14704374.3243243 4648698.5 -4000.7120392521
14705277.027027 4648698.5 -4007.4989455256
14706179.7297297 4648698.5 -4011.89125663367
14707082.4324324 4648698.5 -4010.16413700155
14707985.1351351 4648698.5 -4011.15338245129
14708887.8378378 4648698.5 -4017.22487886511
14709790.5405405 4648698.5 -4021.40298647484
14710693.2432432 4648698.5 -4013.18326430461
14711595.9459459 4648698.5 -4003.05781361636
14712498.6486486 4648698.5 -3986.16552716253
14713401.3513514 4648698.5 -3962.37130058954
14714304.0540541 4648698.5 -3946.44128172092
14715206.7567568 4648698.5 -3924.153984709
14716109.4594595 4648698.5 -3904.32190344344
14717012.1621622 4648698.5 -3892.34518307518
14717914.8648649 4648698.5 -3873.09192347501
14718817.5675676 4648698.5 -3861.07674040019
14719720.2702703 4648698.5 -3843.21446463817
14720622.972973 4648698.5 -3829.06598028114
14721525.6756757 4648698.5 -3796.82900318138
14722428.3783784 4648698.5 -3774.32615938069
14723331.0810811 4648698.5 -3753.72159624868
14724233.7837838 4648698.5 -3734.87286567175
14725136.4864865 4648698.5 -3718.19159776308
14726039.1891892 4648698.5 -3704.79565731784
14726941.8918919 4648698.5 -3694.84524905818
14727844.5945946 4648698.5 -3687.99727363653
14728747.2972973 4648698.5 -3685.72300279488
14729650 4648698.5 -3687.82327848692
14730552.7027027 4648698.5 -3691.94354836106
14731455.4054054 4648698.5 -3698.11910827737
14732358.1081081 4648698.5 -3706.03010557591
14733260.8108108 4648698.5 -3715.38890783756
14734163.5135135 4648698.5 -3725.72577775472
14735066.2162162 4648698.5 -3737.0398997018
14735968.9189189 4648698.5 -3748.79058714158
14736871.6216216 4648698.5 -3760.80971501282
14737774.3243243 4648698.5 -3773.46340683171
14738677.027027 4648698.5 -3786.903480902
14739579.7297297 4648698.5 -3801.04677243324
14740482.4324324 4648698.5 -3815.6344615188
14741385.1351351 4648698.5 -3830.11916606488
14742287.8378378 4648698.5 -3845.02982362983
14743190.5405405 4648698.5 -3858.90632785634
14744093.2432432 4648698.5 -3870.76578327877
14744995.9459459 4648698.5 -3879.52709878386
14745898.6486486 4648698.5 -3884.04230098608
14746801.3513514 4648698.5 -3889.43178869733
14747704.0540541 4648698.5 -3894.44750019382
14748606.7567568 4648698.5 -3898.75304926694
14749509.4594595 4648698.5 -3902.40534309603
14750412.1621622 4648698.5 -3905.40538889305
14751314.8648649 4648698.5 -3907.84185765274
14752217.5675676 4648698.5 -3909.77408447842
14753120.2702703 4648698.5 -3911.24579407332
14754022.972973 4648698.5 -3912.30267748401
14754925.6756757 4648698.5 -3913.01913537235
14755828.3783784 4648698.5 -3913.40737372981
14756731.0810811 4648698.5 -3913.50734763601
14757633.7837838 4648698.5 -3913.34576171706
14758536.4864865 4648698.5 -3912.9320945221
14759439.1891892 4648698.5 -3912.32263911491
14760341.8918919 4648698.5 -3911.51447088775
14761244.5945946 4648698.5 -3910.54212521108
14762147.2972973 4648698.5 -3909.42769000404
14763050 4648698.5 -3908.19990829622
14696250 4649647 -4010.96057764976
14697152.7027027 4649647 -3974.45922201984
14698055.4054054 4649647 -3954.66825207682
14698958.1081081 4649647 -3956.2759132108
14699860.8108108 4649647 -3965.43545768756
14700763.5135135 4649647 -3979.69538266108
14701666.2162162 4649647 -3987.40290381921
14702568.9189189 4649647 -3994.78441329814
14703471.6216216 4649647 -3993.07413982353
14704374.3243243 4649647 -3984.89350112279
14705277.027027 4649647 -3977.00931562649
14706179.7297297 4649647 -3971.60418138864
14707082.4324324 4649647 -3970.39298736924
14707985.1351351 4649647 -3973.39177928115
14708887.8378378 4649647 -3978.23791631627
14709790.5405405 4649647 -3985.91242572123
14710693.2432432 4649647 -3979.73374845161
14711595.9459459 4649647 -3970.39411717039
14712498.6486486 4649647 -3954.49260966412
14713401.3513514 4649647 -3935.04131776312
14714304.0540541 4649647 -3913.29884547533
14715206.7567568 4649647 -3891.04901445079
14716109.4594595 4649647 -3871.76012001499
14717012.1621622 4649647 -3851.18463918228
14717914.8648649 4649647 -3832.80275938559
14718817.5675676 4649647 -3818.25113503158
14719720.2702703 4649647 -3809.37599243919
14720622.972973 4649647 -3798.87144750191
14721525.6756757 4649647 -3790.34484442253
14722428.3783784 4649647 -3782.43011753265
14723331.0810811 4649647 -3781.78933496775
14724233.7837838 4649647 -3740.81380407878
14725136.4864865 4649647 -3716.18908788747
14726039.1891892 4649647 -3700.40239443976
14726941.8918919 4649647 -3689.38629438816
14727844.5945946 4649647 -3682.30016018256
14728747.2972973 4649647 -3680.14604999935
14729650 4649647 -3681.83819657653
14730552.7027027 4649647 -3685.80255167469
14731455.4054054 4649647 -3691.8885345346
14732358.1081081 4649647 -3699.91851856767
14733260.8108108 4649647 -3709.55376336467
14734163.5135135 4649647 -3720.72964951537
14735066.2162162 4649647 -3733.09511354412
14735968.9189189 4649647 -3746.16335647324
14736871.6216216 4649647 -3759.70104903164
14737774.3243243 4649647 -3774.04492899453
14738677.027027 4649647 -3789.1146192557
14739579.7297297 4649647 -3804.89819252597
14740482.4324324 4649647 -3820.6847370219
14741385.1351351 4649647 -3836.36553012409
14742287.8378378 4649647 -3851.78885713868
14743190.5405405 4649647 -3865.61059530016
14744093.2432432 4649647 -3877.77649531735
14744995.9459459 4649647 -3885.97469706786
14745898.6486486 4649647 -3890.85335037491
14746801.3513514 4649647 -3896.81854282737
14747704.0540541 4649647 -3901.91048026902
14748606.7567568 4649647 -3906.1556763874
14749509.4594595 4649647 -3909.67401305106
14750412.1621622 4649647 -3912.47160002762
14751314.8648649 4649647 -3914.69241372393
14752217.5675676 4649647 -3916.38638105979
14753120.2702703 4649647 -3917.59957591637
14754022.972973 4649647 -3918.39748561268
14754925.6756757 4649647 -3918.83870784463
14755828.3783784 4649647 -3918.9457099021
14756731.0810811 4649647 -3918.76326743588
14757633.7837838 4649647 -3918.33457560186
14758536.4864865 4649647 -3917.64062489175
14759439.1891892 4649647 -3916.76593285724
14760341.8918919 4649647 -3915.69474606512
14761244.5945946 4649647 -3914.42511231194
14762147.2972973 4649647 -3913.04233216891
14763050 4649647 -3911.54265646912
14696250 4650595.5 -4052.92756351422
14697152.7027027 4650595.5 -4054.70573115766
14698055.4054054 4650595.5 -4042.11553577911
14698958.1081081 4650595.5 -4032.95193937433
14699860.8108108 4650595.5 -4026.3406452803
14700763.5135135 4650595.5 -4022.4384944525
14701666.2162162 4650595.5 -4020.06821208377
14702568.9189189 4650595.5 -4012.36953688694
14703471.6216216 4650595.5 -4001.63228191521
14704374.3243243 4650595.5 -3981.18715244503
14705277.027027 4650595.5 -3971.33389949797
14706179.7297297 4650595.5 -3965.80413975713
14707082.4324324 4650595.5 -3959.49741718436
14707985.1351351 4650595.5 -3954.54924622601
14708887.8378378 4650595.5 -3958.42089888247
14709790.5405405 4650595.5 -3965.94284265705
14710693.2432432 4650595.5 -3960.09554814618
14711595.9459459 4650595.5 -3948.56616825034
14712498.6486486 4650595.5 -3929.79404439826
14713401.3513514 4650595.5 -3914.15718448007
14714304.0540541 4650595.5 -3886.59446463962
14715206.7567568 4650595.5 -3865.77445876069
14716109.4594595 4650595.5 -3839.17462403526
14717012.1621622 4650595.5 -3821.48989594232
14717914.8648649 4650595.5 -3801.79816426297
14718817.5675676 4650595.5 -3779.21242692963
14719720.2702703 4650595.5 -3763.86814951044
14720622.972973 4650595.5 -3752.49604926263
14721525.6756757 4650595.5 -3748.12614938338
14722428.3783784 4650595.5 -3745.89316447946
14723331.0810811 4650595.5 -3746.8965531225
14724233.7837838 4650595.5 -3737.22145678612
14725136.4864865 4650595.5 -3722.66554689924
14726039.1891892 4650595.5 -3700.22447065961
14726941.8918919 4650595.5 -3685.64760372948
14727844.5945946 4650595.5 -3677.36399586375
14728747.2972973 4650595.5 -3674.66625349849
14729650 4650595.5 -3675.39813195
14730552.7027027 4650595.5 -3678.81863421944
14731455.4054054 4650595.5 -3684.25386693567
14732358.1081081 4650595.5 -3692.0980576997
14733260.8108108 4650595.5 -3702.05116317548
14734163.5135135 4650595.5 -3714.24208447908
14735066.2162162 4650595.5 -3728.11934243117
14735968.9189189 4650595.5 -3742.93048366984
14736871.6216216 4650595.5 -3758.52782090752
14737774.3243243 4650595.5 -3774.97907921652
14738677.027027 4650595.5 -3792.16891138208
14739579.7297297 4650595.5 -3809.76660650433
14740482.4324324 4650595.5 -3826.8924567552
14741385.1351351 4650595.5 -3843.77238493538
14742287.8378378 4650595.5 -3859.77001777767
14743190.5405405 4650595.5 -3873.77191471504
14744093.2432432 4650595.5 -3886.03707622172
14744995.9459459 4650595.5 -3893.61950515948
14745898.6486486 4650595.5 -3899.46750385102
14746801.3513514 4650595.5 -3905.48997249049
14747704.0540541 4650595.5 -3910.49680114834
14748606.7567568 4650595.5 -3914.59992796844
14749509.4594595 4650595.5 -3917.86323507754
14750412.1621622 4650595.5 -3920.41279387804
14751314.8648649 4650595.5 -3922.30211885202
14752217.5675676 4650595.5 -3923.65001777732
14753120.2702703 4650595.5 -3924.52040067528
14754022.972973 4650595.5 -3924.97636740394
14754925.6756757 4650595.5 -3925.08121271185
14755828.3783784 4650595.5 -3924.86917893195
14756731.0810811 4650595.5 -3924.37943108425
14757633.7837838 4650595.5 -3923.63276382096
14758536.4864865 4650595.5 -3922.65098022286
14759439.1891892 4650595.5 -3921.45129641328
14760341.8918919 4650595.5 -3920.05648172044
14761244.5945946 4650595.5 -3918.50638796276
14762147.2972973 4650595.5 -3916.80964329695
14763050 4650595.5 -3914.99372298308
14696250 4651544 -4103.90809007643
14697152.7027027 4651544 -4141.07417790103
14698055.4054054 4651544 -4131.67558732157
14698958.1081081 4651544 -4116.82670389022
14699860.8108108 4651544 -4100.20627551282
14700763.5135135 4651544 -4083.67610520795
14701666.2162162 4651544 -4065.08428879676
14702568.9189189 4651544 -4042.98834508108
14703471.6216216 4651544 -4024.03624201803
14704374.3243243 4651544 -4005.90747152549
14705277.027027 4651544 -3988.43857722024
14706179.7297297 4651544 -3970.13694412401
14707082.4324324 4651544 -3971.17053170917
14707985.1351351 4651544 -3969.47935790648
14708887.8378378 4651544 -3972.27629415509
14709790.5405405 4651544 -3969.92783512952
14710693.2432432 4651544 -3969.01359276578
14711595.9459459 4651544 -3953.4304708776
14712498.6486486 4651544 -3933.71163549396
14713401.3513514 4651544 -3907.77742290404
14714304.0540541 4651544 -3886.93182953236
14715206.7567568 4651544 -3856.58775415745
14716109.4594595 4651544 -3832.20986808131
14717012.1621622 4651544 -3810.39925421888
14717914.8648649 4651544 -3780.42275273037
14718817.5675676 4651544 -3759.79592648562
14719720.2702703 4651544 -3739.70874708767
14720622.972973 4651544 -3720.82475107937
14721525.6756757 4651544 -3705.87239283166
14722428.3783784 4651544 -3701.37091514166
14723331.0810811 4651544 -3698.67456331083
14724233.7837838 4651544 -3695.82194946227
14725136.4864865 4651544 -3691.18974139215
14726039.1891892 4651544 -3681.13405604392
14726941.8918919 4651544 -3679.5598401345
14727844.5945946 4651544 -3681.82800977277
14728747.2972973 4651544 -3684.71808906926
14729650 4651544 -3673.10881073723
14730552.7027027 4651544 -3673.46520825955
14731455.4054054 4651544 -3676.25911676562
14732358.1081081 4651544 -3682.31125883591
14733260.8108108 4651544 -3692.22957887736
14734163.5135135 4651544 -3705.91334801166
14735066.2162162 4651544 -3721.8747811957
14735968.9189189 4651544 -3739.20198556895
14736871.6216216 4651544 -3757.61482460295
14737774.3243243 4651544 -3776.78762314541
14738677.027027 4651544 -3796.44609186452
14739579.7297297 4651544 -3816.15035055833
14740482.4324324 4651544 -3834.97161566861
14741385.1351351 4651544 -3852.9140064282
14742287.8378378 4651544 -3869.14920245643
14743190.5405405 4651544 -3883.59315545888
14744093.2432432 4651544 -3895.78716055246
14744995.9459459 4651544 -3902.7482736799
14745898.6486486 4651544 -3909.65123147295
14746801.3513514 4651544 -3915.58901797097
14747704.0540541 4651544 -3920.39613682766
14748606.7567568 4651544 -3924.19528499584
14749509.4594595 4651544 -3927.09541934701
14750412.1621622 4651544 -3929.22017964995
14751314.8648649 4651544 -3930.68620163925
14752217.5675676 4651544 -3931.58265864324
14753120.2702703 4651544 -3932.01100531241
14754022.972973 4651544 -3932.0502446602
14754925.6756757 4651544 -3931.76706651664
14755828.3783784 4651544 -3931.18629961031
14756731.0810811 4651544 -3930.35586748554
14757633.7837838 4651544 -3929.27491710462
14758536.4864865 4651544 -3927.95886893529
14759439.1891892 4651544 -3926.42082264267
14760341.8918919 4651544 -3924.68934854081
14761244.5945946 4651544 -3922.78733016446
14762147.2972973 4651544 -3920.72778271748
14763050 4651544 -3918.56062751238
14696250 4652492.5 -4155.48587632911
14697152.7027027 4652492.5 -4215.46399719826
14698055.4054054 4652492.5 -4205.05430232763
14698958.1081081 4652492.5 -4180.89474295646
14699860.8108108 4652492.5 -4170.11693501043
14700763.5135135 4652492.5 -4153.15642069593
14701666.2162162 4652492.5 -4130.67769700763
14702568.9189189 4652492.5 -4104.73003489085
14703471.6216216 4652492.5 -4076.52636446598
14704374.3243243 4652492.5 -4051.43420413741
14705277.027027 4652492.5 -4028.58557953803
14706179.7297297 4652492.5 -4008.47979144894
14707082.4324324 4652492.5 -3992.61025433446
14707985.1351351 4652492.5 -3989.45068449408
14708887.8378378 4652492.5 -3988.62793576849
14709790.5405405 4652492.5 -3985.5847731866
14710693.2432432 4652492.5 -3975.67252357461
14711595.9459459 4652492.5 -3960.40166771818
14712498.6486486 4652492.5 -3938.19103880882
14713401.3513514 4652492.5 -3916.39687047501
14714304.0540541 4652492.5 -3890.72192415756
14715206.7567568 4652492.5 -3865.43881773671
14716109.4594595 4652492.5 -3840.45001423483
14717012.1621622 4652492.5 -3813.42456320498
14717914.8648649 4652492.5 -3784.48812697166
14718817.5675676 4652492.5 -3760.58506936176
14719720.2702703 4652492.5 -3735.19245180257
14720622.972973 4652492.5 -3707.78660820038
14721525.6756757 4652492.5 -3683.10461069658
14722428.3783784 4652492.5 -3661.63238797738
14723331.0810811 4652492.5 -3645.60449950973
14724233.7837838 4652492.5 -3641.82762433452
14725136.4864865 4652492.5 -3637.47547948982
14726039.1891892 4652492.5 -3634.26177069221
14726941.8918919 4652492.5 -3632.92100696308
14727844.5945946 4652492.5 -3637.91811670555
14728747.2972973 4652492.5 -3643.7684422115
14729650 4652492.5 -3649.17875644883
14730552.7027027 4652492.5 -3656.40246808143
14731455.4054054 4652492.5 -3659.79008225014
14732358.1081081 4652492.5 -3666.63917774893
14733260.8108108 4652492.5 -3678.1017892328
14734163.5135135 4652492.5 -3696.76369098177
14735066.2162162 4652492.5 -3716.38829717989
14735968.9189189 4652492.5 -3736.16032893803
14736871.6216216 4652492.5 -3758.47418311347
14737774.3243243 4652492.5 -3780.68378146245
14738677.027027 4652492.5 -3803.07617709773
14739579.7297297 4652492.5 -3825.12436372888
14740482.4324324 4652492.5 -3845.85732695218
14741385.1351351 4652492.5 -3864.59692412725
14742287.8378378 4652492.5 -3880.99353342476
14743190.5405405 4652492.5 -3895.7023338147
14744093.2432432 4652492.5 -3907.53682589733
14744995.9459459 4652492.5 -3914.6636537032
14745898.6486486 4652492.5 -3921.73664480438
14746801.3513514 4652492.5 -3927.37351540516
14747704.0540541 4652492.5 -3931.76773043606
14748606.7567568 4652492.5 -3935.09473768908
14749509.4594595 4652492.5 -3937.47007447693
14750412.1621622 4652492.5 -3939.02822832614
14751314.8648649 4652492.5 -3939.90262009888
14752217.5675676 4652492.5 -3940.2204979835
14753120.2702703 4652492.5 -3940.10376892701
14754022.972973 4652492.5 -3939.64313228268
14754925.6756757 4652492.5 -3938.90552443655
14755828.3783784 4652492.5 -3937.92815493677
14756731.0810811 4652492.5 -3936.71960518132
14757633.7837838 4652492.5 -3935.27445693475
14758536.4864865 4652492.5 -3933.59692666097
14759439.1891892 4652492.5 -3931.69930124772
14760341.8918919 4652492.5 -3929.58069689074
14761244.5945946 4652492.5 -3927.27474752318
14762147.2972973 4652492.5 -3924.81521750036
14763050 4652492.5 -3922.2496293971
14696250 4653441 -4131.00611480478
14697152.7027027 4653441 -4166.51070577454
14698055.4054054 4653441 -4203.75349854922
14698958.1081081 4653441 -4213.75474587911
14699860.8108108 4653441 -4203.57806175384
14700763.5135135 4653441 -4179.76217487691
14701666.2162162 4653441 -4169.37524934307
14702568.9189189 4653441 -4154.68068965363
14703471.6216216 4653441 -4136.23412378996
14704374.3243243 4653441 -4122.6146725389
14705277.027027 4653441 -4103.61583229128
14706179.7297297 4653441 -4080.97325737355
14707082.4324324 4653441 -4061.35881798859
14707985.1351351 4653441 -4047.62326462851
14708887.8378378 4653441 -4039.44592035123
14709790.5405405 4653441 -4030.3022586944
14710693.2432432 4653441 -4014.00095739945
14711595.9459459 4653441 -3990.53656559971
14712498.6486486 4653441 -3959.40984787487
14713401.3513514 4653441 -3928.11979237144
14714304.0540541 4653441 -3904.67521012046
14715206.7567568 4653441 -3876.02498980099
14716109.4594595 4653441 -3845.36536888187
14717012.1621622 4653441 -3815.68965268903
14717914.8648649 4653441 -3786.45541615393
14718817.5675676 4653441 -3765.11889326753
14719720.2702703 4653441 -3735.18408828064
14720622.972973 4653441 -3705.6637787291
14721525.6756757 4653441 -3676.60545738884
14722428.3783784 4653441 -3651.37320170572
14723331.0810811 4653441 -3629.96105590336
14724233.7837838 4653441 -3605.80580343107
14725136.4864865 4653441 -3582.70898630305
14726039.1891892 4653441 -3583.04942833867
14726941.8918919 4653441 -3582.17202836701
14727844.5945946 4653441 -3587.7713720536
14728747.2972973 4653441 -3594.59772536553
14729650 4653441 -3606.17302570956
14730552.7027027 4653441 -3613.14306872107
14731455.4054054 4653441 -3622.98309240442
14732358.1081081 4653441 -3632.7476791503
14733260.8108108 4653441 -3645.81374060983
14734163.5135135 4653441 -3669.0519788229
14735066.2162162 4653441 -3694.60015620308
14735968.9189189 4653441 -3726.01530182578
14736871.6216216 4653441 -3763.42709338694
14737774.3243243 4653441 -3795.93767786498
14738677.027027 4653441 -3818.07596590236
14739579.7297297 4653441 -3841.04488585203
14740482.4324324 4653441 -3863.20347364325
14741385.1351351 4653441 -3881.17043360215
14742287.8378378 4653441 -3896.53523257821
14743190.5405405 4653441 -3911.05862970145
14744093.2432432 4653441 -3922.28587817885
14744995.9459459 4653441 -3929.743735531
14745898.6486486 4653441 -3936.29111037533
14746801.3513514 4653441 -3941.28947012396
14747704.0540541 4653441 -3945.01617674649
14748606.7567568 4653441 -3947.62215952886
14749509.4594595 4653441 -3949.26450574092
14750412.1621622 4653441 -3950.03964164814
14751314.8648649 4653441 -3950.12959764874
14752217.5675676 4653441 -3949.69651789623
14753120.2702703 4653441 -3948.88656700192
14754022.972973 4653441 -3947.82239496602
14754925.6756757 4653441 -3946.56507837256
14755828.3783784 4653441 -3945.15182420048
14756731.0810811 4653441 -3943.54104591369
14757633.7837838 4653441 -3941.71826182348
14758536.4864865 4653441 -3939.65159785984
14759439.1891892 4653441 -3937.33952993373
14760341.8918919 4653441 -3934.79040300825
14761244.5945946 4653441 -3932.02830119718
14762147.2972973 4653441 -3929.10447752343
14763050 4653441 -3926.06109791822
14696250 4654389.5 -4106.23391668164
14697152.7027027 4654389.5 -4122.78024561156
14698055.4054054 4654389.5 -4135.11022061746
14698958.1081081 4654389.5 -4142.96771980781
14699860.8108108 4654389.5 -4147.08531783573
14700763.5135135 4654389.5 -4147.69482401061
14701666.2162162 4654389.5 -4153.90702805486
14702568.9189189 4654389.5 -4155.02809764993
14703471.6216216 4654389.5 -4154.04813586992
14704374.3243243 4654389.5 -4152.33877692247
14705277.027027 4654389.5 -4149.54588654721
14706179.7297297 4654389.5 -4142.53085198549
14707082.4324324 4654389.5 -4119.55359932754
14707985.1351351 4654389.5 -4108.87066346625
14708887.8378378 4654389.5 -4097.85278148069
14709790.5405405 4654389.5 -4090.83396334311
14710693.2432432 4654389.5 -4077.19551510072
14711595.9459459 4654389.5 -4056.30480721966
14712498.6486486 4654389.5 -4028.01232037639
14713401.3513514 4654389.5 -3989.60988236912
14714304.0540541 4654389.5 -3951.66785965082
14715206.7567568 4654389.5 -3915.90888509407
14716109.4594595 4654389.5 -3884.44368018411
14717012.1621622 4654389.5 -3850.27899378026
14717914.8648649 4654389.5 -3809.95414545694
14718817.5675676 4654389.5 -3774.76150790898
14719720.2702703 4654389.5 -3740.02601775083
14720622.972973 4654389.5 -3699.44604008403
14721525.6756757 4654389.5 -3668.50877213859
14722428.3783784 4654389.5 -3644.12307157429
14723331.0810811 4654389.5 -3627.54508493087
14724233.7837838 4654389.5 -3619.52833333888
14725136.4864865 4654389.5 -3603.71122457709
14726039.1891892 4654389.5 -3594.95963903111
14726941.8918919 4654389.5 -3576.96808439261
14727844.5945946 4654389.5 -3571.78415951426
14728747.2972973 4654389.5 -3575.01702909889
14729650 4654389.5 -3577.1054131991
14730552.7027027 4654389.5 -3585.4717422136
14731455.4054054 4654389.5 -3588.56181254857
14732358.1081081 4654389.5 -3601.52332351611
14733260.8108108 4654389.5 -3618.15386204808
14734163.5135135 4654389.5 -3636.03145271102
14735066.2162162 4654389.5 -3655.6181528419
14735968.9189189 4654389.5 -3691.69246084497
14736871.6216216 4654389.5 -3732.41897957406
14737774.3243243 4654389.5 -3779.17409494129
14738677.027027 4654389.5 -3818.84989064394
14739579.7297297 4654389.5 -3851.97901906658
14740482.4324324 4654389.5 -3884.91810728877
14741385.1351351 4654389.5 -3904.43094509188
14742287.8378378 4654389.5 -3917.74418440092
14743190.5405405 4654389.5 -3934.14897891416
14744093.2432432 4654389.5 -3942.49798927749
14744995.9459459 4654389.5 -3949.23324502811
14745898.6486486 4654389.5 -3954.17830819349
14746801.3513514 4654389.5 -3957.89197852433
14747704.0540541 4654389.5 -3960.52724150375
14748606.7567568 4654389.5 -3962.13151950766
14749509.4594595 4654389.5 -3962.73786785996
14750412.1621622 4654389.5 -3962.47789430848
14751314.8648649 4654389.5 -3961.51844294264
14752217.5675676 4654389.5 -3960.08985395343
14753120.2702703 4654389.5 -3958.40115702427
14754022.972973 4654389.5 -3956.61775895653
14754925.6756757 4654389.5 -3954.7846297674
14755828.3783784 4654389.5 -3952.91071278665
14756731.0810811 4654389.5 -3950.90469158768
14757633.7837838 4654389.5 -3948.7010898402
14758536.4864865 4654389.5 -3946.23881665761
14759439.1891892 4654389.5 -3943.47520826789
14760341.8918919 4654389.5 -3940.4241699799
14761244.5945946 4654389.5 -3937.12324644832
14762147.2972973 4654389.5 -3933.62446771933
14763050 4654389.5 -3930.01488332403
14696250 4655338 -4092.12368013404
14697152.7027027 4655338 -4102.00229217367
14698055.4054054 4655338 -4109.64055990293
14698958.1081081 4655338 -4114.54551155398
14699860.8108108 4655338 -4116.86699971296
14700763.5135135 4655338 -4117.42803041833
14701666.2162162 4655338 -4117.89567763418
14702568.9189189 4655338 -4119.26734967835
14703471.6216216 4655338 -4122.57969773593
14704374.3243243 4655338 -4128.28446152665
14705277.027027 4655338 -4152.95716494435
14706179.7297297 4655338 -4166.21716467169
14707082.4324324 4655338 -4144.93120026856
14707985.1351351 4655338 -4140.14818932066
14708887.8378378 4655338 -4145.01660056665
14709790.5405405 4655338 -4140.83036711078
14710693.2432432 4655338 -4137.61787506095
14711595.9459459 4655338 -4132.14675359537
14712498.6486486 4655338 -4099.47467761603
14713401.3513514 4655338 -4070.78933224638
14714304.0540541 4655338 -4030.05640601264
14715206.7567568 4655338 -3988.37867941665
14716109.4594595 4655338 -3948.04746058587
14717012.1621622 4655338 -3909.25796478615
14717914.8648649 4655338 -3868.82371656328
14718817.5675676 4655338 -3827.8213104442
14719720.2702703 4655338 -3786.15183977266
14720622.972973 4655338 -3740.421821008
14721525.6756757 4655338 -3696.59137298241
14722428.3783784 4655338 -3656.75224878797
14723331.0810811 4655338 -3628.61317639709
14724233.7837838 4655338 -3611.40630680622
14725136.4864865 4655338 -3598.59601926467
14726039.1891892 4655338 -3589.91597805318
14726941.8918919 4655338 -3586.47089637748
14727844.5945946 4655338 -3577.86011611052
14728747.2972973 4655338 -3569.62356060504
14729650 4655338 -3582.46028737712
14730552.7027027 4655338 -3582.14143883962
14731455.4054054 4655338 -3593.4743322552
14732358.1081081 4655338 -3605.88648983925
14733260.8108108 4655338 -3607.69693536938
14734163.5135135 4655338 -3632.48171444592
14735066.2162162 4655338 -3652.94703426284
14735968.9189189 4655338 -3671.54892359719
14736871.6216216 4655338 -3706.86013701254
14737774.3243243 4655338 -3755.96447564398
14738677.027027 4655338 -3798.99112319416
14739579.7297297 4655338 -3838.86733445853
14740482.4324324 4655338 -3874.5072416075
14741385.1351351 4655338 -3902.42158741668
14742287.8378378 4655338 -3928.11757126037
14743190.5405405 4655338 -3953.85188049768
14744093.2432432 4655338 -3970.67580111228
14744995.9459459 4655338 -3980.40099781637
14745898.6486486 4655338 -3977.17250712245
14746801.3513514 4655338 -3978.23197327892
14747704.0540541 4655338 -3979.1841114922
14748606.7567568 4655338 -3979.34795351721
14749509.4594595 4655338 -3978.58883021262
14750412.1621622 4655338 -3976.87795089393
14751314.8648649 4655338 -3974.44045562305
14752217.5675676 4655338 -3971.61954242891
14753120.2702703 4655338 -3968.76467111084
14754022.972973 4655338 -3966.08524368148
14754925.6756757 4655338 -3963.64975808947
14755828.3783784 4655338 -3961.33773253181
14756731.0810811 4655338 -3958.97751284992
14757633.7837838 4655338 -3956.4157630451
14758536.4864865 4655338 -3953.52961170399
14759439.1891892 4655338 -3950.25682664226
14760341.8918919 4655338 -3946.61481497204
14761244.5945946 4655338 -3942.64362853112
14762147.2972973 4655338 -3938.45850776276
14763050 4655338 -3934.13624793196
14696250 4656286.5 -4082.10769651032
14697152.7027027 4656286.5 -4088.75020229369
14698055.4054054 4656286.5 -4094.05363946339
14698958.1081081 4656286.5 -4097.70076173539
14699860.8108108 4656286.5 -4099.75904843163
14700763.5135135 4656286.5 -4100.68341524276
14701666.2162162 4656286.5 -4101.09318954918
14702568.9189189 4656286.5 -4101.58708062627
14703471.6216216 4656286.5 -4102.52994939172
14704374.3243243 4656286.5 -4104.30496760881
14705277.027027 4656286.5 -4107.29247096272
14706179.7297297 4656286.5 -4111.01671537043
14707082.4324324 4656286.5 -4113.39882328587
14707985.1351351 4656286.5 -4119.53506740436
14708887.8378378 4656286.5 -4143.55416181662
14709790.5405405 4656286.5 -4156.09955780177
14710693.2432432 4656286.5 -4162.77025464621
14711595.9459459 4656286.5 -4156.54563070128
14712498.6486486 4656286.5 -4143.01110480193
14713401.3513514 4656286.5 -4116.84562660258
14714304.0540541 4656286.5 -4079.33461593411
14715206.7567568 4656286.5 -4042.7180643149
14716109.4594595 4656286.5 -4000.9247478251
14717012.1621622 4656286.5 -3961.2554024018
14717914.8648649 4656286.5 -3928.79348732706
14718817.5675676 4656286.5 -3889.08243606228
14719720.2702703 4656286.5 -3853.29625303807
14720622.972973 4656286.5 -3807.23863892592
14721525.6756757 4656286.5 -3760.30811002101
14722428.3783784 4656286.5 -3720.15183046283
14723331.0810811 4656286.5 -3690.63628886133
14724233.7837838 4656286.5 -3666.6641349913
14725136.4864865 4656286.5 -3652.69673354894
14726039.1891892 4656286.5 -3638.46871936339
14726941.8918919 4656286.5 -3623.56913155665
14727844.5945946 4656286.5 -3617.10243219031
14728747.2972973 4656286.5 -3606.70596063071
14729650 4656286.5 -3598.17667231765
14730552.7027027 4656286.5 -3601.82491215206
14731455.4054054 4656286.5 -3608.84893896485
14732358.1081081 4656286.5 -3617.04788266074
14733260.8108108 4656286.5 -3631.01197266137
14734163.5135135 4656286.5 -3651.18887762602
14735066.2162162 4656286.5 -3675.69476914202
14735968.9189189 4656286.5 -3697.46374758456
14736871.6216216 4656286.5 -3714.61165269109
14737774.3243243 4656286.5 -3762.7484719192
14738677.027027 4656286.5 -3805.79098538335
14739579.7297297 4656286.5 -3846.32912631204
14740482.4324324 4656286.5 -3882.27063472199
14741385.1351351 4656286.5 -3914.84941452951
14742287.8378378 4656286.5 -3946.44272644559
14743190.5405405 4656286.5 -3972.887151406
14744093.2432432 4656286.5 -3988.64555020147
14744995.9459459 4656286.5 -4005.26352861068
14745898.6486486 4656286.5 -4011.21969722016
14746801.3513514 4656286.5 -4005.62601870146
14747704.0540541 4656286.5 -4003.1328354847
14748606.7567568 4656286.5 -4001.07473079164
14749509.4594595 4656286.5 -3998.36067039408
14750412.1621622 4656286.5 -3994.532144689
14751314.8648649 4656286.5 -3989.79796357239
14752217.5675676 4656286.5 -3984.83624907033
14753120.2702703 4656286.5 -3980.2950261331
14754022.972973 4656286.5 -3976.53150420716
14754925.6756757 4656286.5 -3973.48144273789
14755828.3783784 4656286.5 -3970.84391313324
14756731.0810811 4656286.5 -3968.22205920575
14757633.7837838 4656286.5 -3965.31512597145
14758536.4864865 4656286.5 -3961.95898161739
14759439.1891892 4656286.5 -3958.0692854716
14760341.8918919 4656286.5 -3953.66887591018
14761244.5945946 4656286.5 -3948.84178958002
14762147.2972973 4656286.5 -3943.73216949753
14763050 4656286.5 -3938.49657863323
14696250 4657235 -4074.39184507298
14697152.7027027 4657235 -4079.18763888536
14698055.4054054 4657235 -4083.10866411441
14698958.1081081 4657235 -4085.9779516016
14699860.8108108 4657235 -4087.81411410559
14700763.5135135 4657235 -4088.83377333079
14701666.2162162 4657235 -4089.34833781551
14702568.9189189 4657235 -4089.68093134429
14703471.6216216 4657235 -4090.05854764419
14704374.3243243 4657235 -4090.70505827347
14705277.027027 4657235 -4091.63192977473
14706179.7297297 4657235 -4092.67091758881
14707082.4324324 4657235 -4093.81863493406
14707985.1351351 4657235 -4095.66213335129
14708887.8378378 4657235 -4099.45607983152
14709790.5405405 4657235 -4104.08234568485
14710693.2432432 4657235 -4102.81759837403
14711595.9459459 4657235 -4094.77878506325
14712498.6486486 4657235 -4084.79465451546
14713401.3513514 4657235 -4066.95012901128
14714304.0540541 4657235 -4043.88157646925
14715206.7567568 4657235 -4014.8070417196
14716109.4594595 4657235 -3977.69200874191
14717012.1621622 4657235 -3941.5607277479
14717914.8648649 4657235 -3908.23706858982
14718817.5675676 4657235 -3874.64015587664
14719720.2702703 4657235 -3842.89928546886
14720622.972973 4657235 -3813.32441336491
14721525.6756757 4657235 -3779.62774632853
14722428.3783784 4657235 -3750.75191358642
14723331.0810811 4657235 -3722.78290005365
14724233.7837838 4657235 -3708.26476169256
14725136.4864865 4657235 -3703.31172641153
14726039.1891892 4657235 -3701.68028543349
14726941.8918919 4657235 -3698.50180761049
14727844.5945946 4657235 -3683.98626429509
14728747.2972973 4657235 -3673.79535858898
14729650 4657235 -3670.08142232099
14730552.7027027 4657235 -3662.44724035257
14731455.4054054 4657235 -3663.70769198513
14732358.1081081 4657235 -3668.99370453912
14733260.8108108 4657235 -3678.28177579283
14734163.5135135 4657235 -3690.96645909162
14735066.2162162 4657235 -3708.60157413749
14735968.9189189 4657235 -3731.03783970505
14736871.6216216 4657235 -3759.67362802529
14737774.3243243 4657235 -3792.65490327273
14738677.027027 4657235 -3830.30425408655
14739579.7297297 4657235 -3869.77401598057
14740482.4324324 4657235 -3906.95371187037
14741385.1351351 4657235 -3942.27928948433
14742287.8378378 4657235 -3975.69705351801
14743190.5405405 4657235 -3998.87807188758
14744093.2432432 4657235 -4012.72492683676
14744995.9459459 4657235 -4021.95446955306
14745898.6486486 4657235 -4033.92976728487
14746801.3513514 4657235 -4037.71835542867
14747704.0540541 4657235 -4042.16673572964
14748606.7567568 4657235 -4035.6183291186
14749509.4594595 4657235 -4028.18468003203
14750412.1621622 4657235 -4020.0885654426
14751314.8648649 4657235 -4010.44870780469
14752217.5675676 4657235 -4001.56439400123
14753120.2702703 4657235 -3993.9705704695
14754022.972973 4657235 -3988.70910043493
14754925.6756757 4657235 -3985.08905164334
14755828.3783784 4657235 -3982.42178720457
14756731.0810811 4657235 -3979.61380058768
14757633.7837838 4657235 -3976.3157421623
14758536.4864865 4657235 -3972.35339872439
14759439.1891892 4657235 -3967.61978202779
14760341.8918919 4657235 -3962.13010596365
14761244.5945946 4657235 -3956.05840403955
14762147.2972973 4657235 -3949.64342905462
14763050 4657235 -3943.13883473156
14696250 4658183.5 -4068.13287608091
14697152.7027027 4658183.5 -4071.76988787312
14698055.4054054 4658183.5 -4074.78542949008
14698958.1081081 4658183.5 -4077.07092757557
14699860.8108108 4658183.5 -4078.64318351082
14700763.5135135 4658183.5 -4079.59974452478
14701666.2162162 4658183.5 -4080.1117769846
14702568.9189189 4658183.5 -4080.36274498232
14703471.6216216 4658183.5 -4080.50195944798
14704374.3243243 4658183.5 -4080.62132735203
14705277.027027 4658183.5 -4080.75942732639
14706179.7297297 4658183.5 -4080.85195054859
14707082.4324324 4658183.5 -4081.00112806203
14707985.1351351 4658183.5 -4080.7616741349
14708887.8378378 4658183.5 -4081.11421950419
14709790.5405405 4658183.5 -4081.04810947303
14710693.2432432 4658183.5 -4075.02797795495
14711595.9459459 4658183.5 -4063.29485219308
14712498.6486486 4658183.5 -4047.68910636727
14713401.3513514 4658183.5 -4027.38617953139
14714304.0540541 4658183.5 -4002.85230882416
14715206.7567568 4658183.5 -3975.46089677401
14716109.4594595 4658183.5 -3945.38818317164
14717012.1621622 4658183.5 -3914.78203469781
14717914.8648649 4658183.5 -3884.60163454037
14718817.5675676 4658183.5 -3855.03443587441
14719720.2702703 4658183.5 -3826.21236772035
14720622.972973 4658183.5 -3797.38912221849
14721525.6756757 4658183.5 -3769.51173009988
14722428.3783784 4658183.5 -3744.45560316396
14723331.0810811 4658183.5 -3725.52273630369
14724233.7837838 4658183.5 -3712.15215932131
14725136.4864865 4658183.5 -3705.65602884332
14726039.1891892 4658183.5 -3705.8209069078
14726941.8918919 4658183.5 -3708.20155128849
14727844.5945946 4658183.5 -3719.85444924916
14728747.2972973 4658183.5 -3717.08865389274
14729650 4658183.5 -3718.61574033706
14730552.7027027 4658183.5 -3732.0842411484
14731455.4054054 4658183.5 -3731.92363962692
14732358.1081081 4658183.5 -3737.30627562786
14733260.8108108 4658183.5 -3746.26303936486
14734163.5135135 4658183.5 -3756.19241497786
14735066.2162162 4658183.5 -3766.19683010342
14735968.9189189 4658183.5 -3781.05511100304
14736871.6216216 4658183.5 -3803.22146675846
14737774.3243243 4658183.5 -3833.22159143578
14738677.027027 4658183.5 -3867.83996680881
14739579.7297297 4658183.5 -3904.89215022226
14740482.4324324 4658183.5 -3942.93524640311
14741385.1351351 4658183.5 -3980.13699295113
14742287.8378378 4658183.5 -4010.05714991646
14743190.5405405 4658183.5 -4025.89116469496
14744093.2432432 4658183.5 -4036.39524580415
14744995.9459459 4658183.5 -4043.18232928032
14745898.6486486 4658183.5 -4048.42946199476
14746801.3513514 4658183.5 -4049.43564213092
14747704.0540541 4658183.5 -4052.8467655919
14748606.7567568 4658183.5 -4058.8550644307
14749509.4594595 4658183.5 -4061.13694819822
14750412.1621622 4658183.5 -4059.49764544738
14751314.8648649 4658183.5 -4046.288973953
14752217.5675676 4658183.5 -4032.94542041804
14753120.2702703 4658183.5 -4020.32561019461
14754022.972973 4658183.5 -4010.47856388066
14754925.6756757 4658183.5 -4002.51284113316
14755828.3783784 4658183.5 -4000.91242692891
14756731.0810811 4658183.5 -3996.58249439897
14757633.7837838 4658183.5 -3992.00110814542
14758536.4864865 4658183.5 -3986.78325890845
14759439.1891892 4658183.5 -3980.43050010082
14760341.8918919 4658183.5 -3973.0470814369
14761244.5945946 4658183.5 -3965.03222528236
14762147.2972973 4658183.5 -3956.61387878462
14763050 4658183.5 -3948.21652328226
14696250 4659132 -4062.82651118748
14697152.7027027 4659132 -4065.64639992019
14698055.4054054 4659132 -4068.01744909909
14698958.1081081 4659132 -4069.87610569995
14699860.8108108 4659132 -4071.19237947253
14700763.5135135 4659132 -4072.03616782909
14701666.2162162 4659132 -4072.47839606919
14702568.9189189 4659132 -4072.63836071505
14703471.6216216 4659132 -4072.56686034719
14704374.3243243 4659132 -4072.30526131672
14705277.027027 4659132 -4071.92789139996
14706179.7297297 4659132 -4071.4162097252
14707082.4324324 4659132 -4070.64194445176
14707985.1351351 4659132 -4069.24577485887
14708887.8378378 4659132 -4067.8398944134
14709790.5405405 4659132 -4065.74076420577
14710693.2432432 4659132 -4057.48849199851
14711595.9459459 4659132 -4043.60453634826
14712498.6486486 4659132 -4025.98631457504
14713401.3513514 4659132 -4004.96923753441
14714304.0540541 4659132 -3980.66433424093
14715206.7567568 4659132 -3954.80851062537
14716109.4594595 4659132 -3927.92680814742
14717012.1621622 4659132 -3900.47058527146
14717914.8648649 4659132 -3873.15297859887
14718817.5675676 4659132 -3846.49083850861
14719720.2702703 4659132 -3820.45418575969
14720622.972973 4659132 -3794.57854780084
14721525.6756757 4659132 -3770.13692395042
14722428.3783784 4659132 -3748.18881293248
14723331.0810811 4659132 -3731.29461241533
14724233.7837838 4659132 -3718.17390820555
14725136.4864865 4659132 -3710.24791816592
14726039.1891892 4659132 -3706.43479249405
14726941.8918919 4659132 -3705.87466032926
14727844.5945946 4659132 -3708.17305480144
14728747.2972973 4659132 -3712.87283231047
14729650 4659132 -3721.71893414186
14730552.7027027 4659132 -3735.42566941992
14731455.4054054 4659132 -3751.21867202715
14732358.1081081 4659132 -3770.3437827012
14733260.8108108 4659132 -3794.33963915257
14734163.5135135 4659132 -3811.14230575767
14735066.2162162 4659132 -3819.53968594765
14735968.9189189 4659132 -3826.39676734001
14736871.6216216 4659132 -3841.6094315092
14737774.3243243 4659132 -3869.41776319796
14738677.027027 4659132 -3897.81903581472
14739579.7297297 4659132 -3934.43076299715
14740482.4324324 4659132 -3980.36701495644
14741385.1351351 4659132 -4025.49799544768
14742287.8378378 4659132 -4061.58803049137
14743190.5405405 4659132 -4078.01499832295
14744093.2432432 4659132 -4087.87238744944
14744995.9459459 4659132 -4084.75149398632
14745898.6486486 4659132 -4068.77666675839
14746801.3513514 4659132 -4053.16782098259
14747704.0540541 4659132 -4045.81062304051
14748606.7567568 4659132 -4041.3501554651
14749509.4594595 4659132 -4036.84167115105
14750412.1621622 4659132 -4030.6756852745
14751314.8648649 4659132 -4021.26403668275
14752217.5675676 4659132 -4014.40734928403
14753120.2702703 4659132 -4008.94867670617
14754022.972973 4659132 -4008.33255854499
14754925.6756757 4659132 -4011.05810004186
14755828.3783784 4659132 -4018.52775372642
14756731.0810811 4659132 -4025.67670684092
14757633.7837838 4659132 -4024.31690435739
14758536.4864865 4659132 -4018.12088565286
14759439.1891892 4659132 -4001.45850163343
14760341.8918919 4659132 -3989.0662095412
14761244.5945946 4659132 -3977.37848449005
14762147.2972973 4659132 -3965.37309545512
14763050 4659132 -3953.86958150033
14696250 4660080.5 -4058.21159696841
14697152.7027027 4660080.5 -4060.44570493353
14698055.4054054 4660080.5 -4062.3463086061
14698958.1081081 4660080.5 -4063.84035409861
14699860.8108108 4660080.5 -4064.91400463869
14700763.5135135 4660080.5 -4065.56435465827
14701666.2162162 4660080.5 -4065.84673461425
14702568.9189189 4660080.5 -4065.81235020502
14703471.6216216 4660080.5 -4065.532466037
14704374.3243243 4660080.5 -4065.0417224219
14705277.027027 4660080.5 -4064.30907248708
14706179.7297297 4660080.5 -4063.40834277526
14707082.4324324 4660080.5 -4061.7254040295
14707985.1351351 4660080.5 -4059.64847591394
14708887.8378378 4660080.5 -4057.31812534232
14709790.5405405 4660080.5 -4053.8889702547
14710693.2432432 4660080.5 -4044.54353975901
14711595.9459459 4660080.5 -4028.94151668368
14712498.6486486 4660080.5 -4010.50384790469
14713401.3513514 4660080.5 -3988.87163575257
14714304.0540541 4660080.5 -3964.85708627674
14715206.7567568 4660080.5 -3940.46981057164
14716109.4594595 4660080.5 -3915.50506553291
14717012.1621622 4660080.5 -3890.32442587248
14717914.8648649 4660080.5 -3865.38839051291
14718817.5675676 4660080.5 -3841.0644994138
14719720.2702703 4660080.5 -3817.35146623701
14720622.972973 4660080.5 -3793.6960359678
14721525.6756757 4660080.5 -3771.52368408143
14722428.3783784 4660080.5 -3751.56371957769
14723331.0810811 4660080.5 -3736.37243262922
14724233.7837838 4660080.5 -3724.57410363871
14725136.4864865 4660080.5 -3716.93670542154
14726039.1891892 4660080.5 -3713.18073050553
14726941.8918919 4660080.5 -3712.50954739602
14727844.5945946 4660080.5 -3715.03925800876
14728747.2972973 4660080.5 -3720.13339184144
14729650 4660080.5 -3727.67139945705
14730552.7027027 4660080.5 -3737.07771744676
14731455.4054054 4660080.5 -3748.99887650762
14732358.1081081 4660080.5 -3763.77221599564
14733260.8108108 4660080.5 -3782.76235492439
14734163.5135135 4660080.5 -3804.34237510437
14735066.2162162 4660080.5 -3829.74319831436
14735968.9189189 4660080.5 -3858.26798419226
14736871.6216216 4660080.5 -3870.91381993549
14737774.3243243 4660080.5 -3891.23396529031
14738677.027027 4660080.5 -3917.73567813272
14739579.7297297 4660080.5 -3961.61975831021
14740482.4324324 4660080.5 -4007.18116688397
14741385.1351351 4660080.5 -4043.50691826773
14742287.8378378 4660080.5 -4079.65657103987
14743190.5405405 4660080.5 -4092.04776154626
14744093.2432432 4660080.5 -4101.96962132509
14744995.9459459 4660080.5 -4110.80376737236
14745898.6486486 4660080.5 -4093.29030681382
14746801.3513514 4660080.5 -4072.48804834258
14747704.0540541 4660080.5 -4049.7534809033
14748606.7567568 4660080.5 -4031.00618797284
14749509.4594595 4660080.5 -4018.2090478017
14750412.1621622 4660080.5 -4006.33659579805
14751314.8648649 4660080.5 -3995.70989089824
14752217.5675676 4660080.5 -3987.21291796765
14753120.2702703 4660080.5 -3982.89488279352
14754022.972973 4660080.5 -3982.07420341086
14754925.6756757 4660080.5 -3984.6451061658
14755828.3783784 4660080.5 -3990.99055665652
14756731.0810811 4660080.5 -3999.95524724188
14757633.7837838 4660080.5 -4009.79473080715
14758536.4864865 4660080.5 -4022.42074548465
14759439.1891892 4660080.5 -4032.73833756254
14760341.8918919 4660080.5 -4031.84992362214
14761244.5945946 4660080.5 -3999.43971935997
14762147.2972973 4660080.5 -3977.88237221627
14763050 4660080.5 -3960.44879582452
14696250 4661029 -4054.1142258816
14697152.7027027 4661029 -4055.91423291021
14698055.4054054 4661029 -4057.40462758316
14698958.1081081 4661029 -4058.55772773225
14699860.8108108 4661029 -4059.33549143912
14700763.5135135 4661029 -4059.78884444752
14701666.2162162 4661029 -4059.91624885897
14702568.9189189 4661029 -4059.73775392663
14703471.6216216 4661029 -4059.27929477038
14704374.3243243 4661029 -4058.58557767805
14705277.027027 4661029 -4057.61730562475
14706179.7297297 4661029 -4056.34841438988
14707082.4324324 4661029 -4053.98350402937
14707985.1351351 4661029 -4051.4391015713
14708887.8378378 4661029 -4048.45516612496
14709790.5405405 4661029 -4044.16553520682
14710693.2432432 4661029 -4033.97209031877
14711595.9459459 4661029 -4017.33927680342
14712498.6486486 4661029 -3998.25480248767
14713401.3513514 4661029 -3976.17068384745
14714304.0540541 4661029 -3952.7351046216
14715206.7567568 4661029 -3929.30772394029
14716109.4594595 4661029 -3905.94944529087
14717012.1621622 4661029 -3882.35811793704
14717914.8648649 4661029 -3859.44317928112
14718817.5675676 4661029 -3837.11451199056
14719720.2702703 4661029 -3815.33165563252
14720622.972973 4661029 -3793.26303320236
14721525.6756757 4661029 -3772.78999240355
14722428.3783784 4661029 -3754.423405105
14723331.0810811 4661029 -3740.71084350072
14724233.7837838 4661029 -3730.48757733824
14725136.4864865 4661029 -3723.62276911479
14726039.1891892 4661029 -3720.54353643911
14726941.8918919 4661029 -3720.59968220963
14727844.5945946 4661029 -3723.47588102312
14728747.2972973 4661029 -3728.84804274134
14729650 4661029 -3735.93911779335
14730552.7027027 4661029 -3744.42980733362
14731455.4054054 4661029 -3755.18930915304
14732358.1081081 4661029 -3767.88282678645
14733260.8108108 4661029 -3782.38963538724
14734163.5135135 4661029 -3798.67097125362
14735066.2162162 4661029 -3816.72631472774
14735968.9189189 4661029 -3836.49927840655
14736871.6216216 4661029 -3858.93102012916
14737774.3243243 4661029 -3885.0464305238
14738677.027027 4661029 -3917.34812585678
14739579.7297297 4661029 -3968.72218069586
14740482.4324324 4661029 -4006.56267228141
14741385.1351351 4661029 -4031.86606787087
14742287.8378378 4661029 -4052.9377555031
14743190.5405405 4661029 -4076.76368277231
14744093.2432432 4661029 -4099.26870154235
14744995.9459459 4661029 -4090.11105873166
14745898.6486486 4661029 -4100.54884868407
14746801.3513514 4661029 -4081.17313396218
14747704.0540541 4661029 -4054.34972967468
14748606.7567568 4661029 -4032.94650726562
14749509.4594595 4661029 -4012.65451476356
14750412.1621622 4661029 -3996.9889177491
14751314.8648649 4661029 -3985.03974514953
14752217.5675676 4661029 -3977.85945754795
14753120.2702703 4661029 -3973.2234700814
14754022.972973 4661029 -3970.33707064314
14754925.6756757 4661029 -3971.06575883331
14755828.3783784 4661029 -3974.89073930755
14756731.0810811 4661029 -3978.66126254886
14757633.7837838 4661029 -3984.38547076645
14758536.4864865 4661029 -3992.50979910912
14759439.1891892 4661029 -4007.46961337184
14760341.8918919 4661029 -4028.85926611015
14761244.5945946 4661029 -4038.08265761744
14762147.2972973 4661029 -4003.03997416172
14763050 4661029 -3969.09771229484
14696250 4661977.5 -4050.36481924736
14697152.7027027 4661977.5 -4051.78142009724
14698055.4054054 4661977.5 -4052.91564782464
14698958.1081081 4661977.5 -4053.78793690334
14699860.8108108 4661977.5 -4054.35601582577
14700763.5135135 4661977.5 -4054.60504154118
14701666.2162162 4661977.5 -4054.56115269111
14702568.9189189 4661977.5 -4054.26353638199
14703471.6216216 4661977.5 -4053.65007525769
14704374.3243243 4661977.5 -4052.78065250951
14705277.027027 4661977.5 -4051.60590784159
14706179.7297297 4661977.5 -4049.7755802336
14707082.4324324 4661977.5 -4047.06107919972
14707985.1351351 4661977.5 -4044.20635242407
14708887.8378378 4661977.5 -4040.72953063146
14709790.5405405 4661977.5 -4035.67654878262
14710693.2432432 4661977.5 -4024.64420021192
14711595.9459459 4661977.5 -4007.67265115192
14712498.6486486 4661977.5 -3987.94731656498
14713401.3513514 4661977.5 -3965.69821066184
14714304.0540541 4661977.5 -3942.88142503371
14715206.7567568 4661977.5 -3920.22610119601
14716109.4594595 4661977.5 -3898.21296302973
14717012.1621622 4661977.5 -3875.91726330226
14717914.8648649 4661977.5 -3854.66562684348
14718817.5675676 4661977.5 -3833.86422622381
14719720.2702703 4661977.5 -3813.53122454786
14720622.972973 4661977.5 -3792.99238585857
14721525.6756757 4661977.5 -3773.68361831986
14722428.3783784 4661977.5 -3756.83570043877
14723331.0810811 4661977.5 -3744.64729531717
14724233.7837838 4661977.5 -3735.78015536107
14725136.4864865 4661977.5 -3730.18377866534
14726039.1891892 4661977.5 -3728.02908262416
14726941.8918919 4661977.5 -3728.74628217022
14727844.5945946 4661977.5 -3731.9579491742
14728747.2972973 4661977.5 -3737.38036298814
14729650 4661977.5 -3744.35594887725
14730552.7027027 4661977.5 -3752.3897355663
14731455.4054054 4661977.5 -3762.18054906584
14732358.1081081 4661977.5 -3773.56479961807
14733260.8108108 4661977.5 -3786.20964668694
14734163.5135135 4661977.5 -3800.40063736189
14735066.2162162 4661977.5 -3816.58593494039
14735968.9189189 4661977.5 -3834.75166160566
14736871.6216216 4661977.5 -3855.51861663415
14737774.3243243 4661977.5 -3878.5669939143
14738677.027027 4661977.5 -3904.33853341442
14739579.7297297 4661977.5 -3933.64119806835
14740482.4324324 4661977.5 -3963.02237942171
14741385.1351351 4661977.5 -3991.41763130332
14742287.8378378 4661977.5 -4020.46714213763
14743190.5405405 4661977.5 -4049.63006664984
14744093.2432432 4661977.5 -4076.54218609297
14744995.9459459 4661977.5 -4077.36699691056
14745898.6486486 4661977.5 -4087.8089142491
14746801.3513514 4661977.5 -4072.71743362676
14747704.0540541 4661977.5 -4048.83718678226
14748606.7567568 4661977.5 -4027.81196726426
14749509.4594595 4661977.5 -4010.11688920563
14750412.1621622 4661977.5 -3994.48428830769
14751314.8648649 4661977.5 -3981.66615257311
14752217.5675676 4661977.5 -3972.7169864982
14753120.2702703 4661977.5 -3967.4549951801
14754022.972973 4661977.5 -3966.88272310708
14754925.6756757 4661977.5 -3968.81289341028
14755828.3783784 4661977.5 -3971.9567440158
14756731.0810811 4661977.5 -3975.31921884795
14757633.7837838 4661977.5 -3973.46345105006
14758536.4864865 4661977.5 -3972.58892595697
14759439.1891892 4661977.5 -3975.32471685465
14760341.8918919 4661977.5 -3987.86613356703
14761244.5945946 4661977.5 -4005.98898802443
14762147.2972973 4661977.5 -4016.47570440152
14763050 4661977.5 -3994.01026824814
14696250 4662926 -4046.86977639569
14697152.7027027 4662926 -4047.96363794959
14698055.4054054 4662926 -4048.82125406661
14698958.1081081 4662926 -4049.44406587378
14699860.8108108 4662926 -4049.81678203609
14700763.5135135 4662926 -4049.91599698798
14701666.2162162 4662926 -4049.7155832125
14702568.9189189 4662926 -4049.28851007824
14703471.6216216 4662926 -4048.53161804149
14704374.3243243 4662926 -4047.49835494518
14705277.027027 4662926 -4046.11382977881
14706179.7297297 4662926 -4043.713520572
14707082.4324324 4662926 -4040.82666358452
14707985.1351351 4662926 -4037.80999965461
14708887.8378378 4662926 -4033.81217946491
14709790.5405405 4662926 -4027.9437692136
14710693.2432432 4662926 -4016.54707260045
14711595.9459459 4662926 -3998.94453872493
14712498.6486486 4662926 -3979.05497551513
14713401.3513514 4662926 -3956.95192382522
14714304.0540541 4662926 -3934.70810025504
14715206.7567568 4662926 -3912.68057887956
14716109.4594595 4662926 -3891.66473013194
14717012.1621622 4662926 -3870.58349932406
14717914.8648649 4662926 -3850.75485531835
14718817.5675676 4662926 -3831.21762954322
14719720.2702703 4662926 -3811.80965313611
14720622.972973 4662926 -3792.70627055945
14721525.6756757 4662926 -3774.4388575194
14722428.3783784 4662926 -3758.90513149187
14723331.0810811 4662926 -3748.34411324863
14724233.7837838 4662926 -3740.57696425311
14725136.4864865 4662926 -3736.3134735714
14726039.1891892 4662926 -3735.2495016348
14726941.8918919 4662926 -3736.45816468591
14727844.5945946 4662926 -3740.05215950997
14728747.2972973 4662926 -3745.76768051442
14729650 4662926 -3752.36814181834
14730552.7027027 4662926 -3759.93364138795
14731455.4054054 4662926 -3768.96265067991
14732358.1081081 4662926 -3779.41922238551
14733260.8108108 4662926 -3790.87457795431
14734163.5135135 4662926 -3803.73848774919
14735066.2162162 4662926 -3818.57542060656
14735968.9189189 4662926 -3835.4572608383
14736871.6216216 4662926 -3854.32844632493
14737774.3243243 4662926 -3874.37638150229
14738677.027027 4662926 -3896.02677035154
14739579.7297297 4662926 -3918.72639967422
14740482.4324324 4662926 -3941.58869996153
14741385.1351351 4662926 -3963.82147045147
14742287.8378378 4662926 -3984.84148185524
14743190.5405405 4662926 -4003.54397539506
14744093.2432432 4662926 -4019.9076725088
14744995.9459459 4662926 -4030.02839250435
14745898.6486486 4662926 -4039.80717436067
14746801.3513514 4662926 -4043.2896962916
14747704.0540541 4662926 -4048.62471132667
14748606.7567568 4662926 -4025.45935064458
14749509.4594595 4662926 -4003.97055828844
14750412.1621622 4662926 -3989.51482778492
14751314.8648649 4662926 -3979.41530745007
14752217.5675676 4662926 -3972.38474962156
14753120.2702703 4662926 -3968.71550910207
14754022.972973 4662926 -3967.06238843934
14754925.6756757 4662926 -3963.86912317239
14755828.3783784 4662926 -3964.18909501535
14756731.0810811 4662926 -3961.62860803791
14757633.7837838 4662926 -3954.92909129011
14758536.4864865 4662926 -3949.49279769497
14759439.1891892 4662926 -3946.09126295119
14760341.8918919 4662926 -3949.4801304663
14761244.5945946 4662926 -3955.9365691891
14762147.2972973 4662926 -3960.47410093518
14763050 4662926 -3945.70463757772
14696250 4663874.5 -4043.59454124551
14697152.7027027 4663874.5 -4044.41622432009
14698055.4054054 4663874.5 -4045.06441274638
14698958.1081081 4663874.5 -4045.49198635871
14699860.8108108 4663874.5 -4045.67733802358
14700763.5135135 4663874.5 -4045.6067572729
14701666.2162162 4663874.5 -4045.30794496665
14702568.9189189 4663874.5 -4044.71508822186
14703471.6216216 4663874.5 -4043.82722735767
14704374.3243243 4663874.5 -4042.58641383073
14705277.027027 4663874.5 -4040.92299916716
14706179.7297297 4663874.5 -4038.21830678689
14707082.4324324 4663874.5 -4035.22884868337
14707985.1351351 4663874.5 -4031.95363234429
14708887.8378378 4663874.5 -4027.58808629583
14709790.5405405 4663874.5 -4020.80964148808
14710693.2432432 4663874.5 -4009.26069828841
14711595.9459459 4663874.5 -3991.29076339873
14712498.6486486 4663874.5 -3971.09365866583
14713401.3513514 4663874.5 -3949.31814602139
14714304.0540541 4663874.5 -3927.52800543696
14715206.7567568 4663874.5 -3906.0796394986
14716109.4594595 4663874.5 -3885.78692692771
14717012.1621622 4663874.5 -3866.14707828648
14717914.8648649 4663874.5 -3847.22614572945
14718817.5675676 4663874.5 -3828.7723357534
14719720.2702703 4663874.5 -3810.32466691631
14720622.972973 4663874.5 -3792.2835410344
14721525.6756757 4663874.5 -3775.02470434347
14722428.3783784 4663874.5 -3760.99184934762
14723331.0810811 4663874.5 -3751.74771968446
14724233.7837838 4663874.5 -3745.18400135044
14725136.4864865 4663874.5 -3742.10952024934
14726039.1891892 4663874.5 -3742.06834832787
14726941.8918919 4663874.5 -3743.86873060819
14727844.5945946 4663874.5 -3747.80375406179
14728747.2972973 4663874.5 -3753.62254376558
14729650 4663874.5 -3759.88102731065
14730552.7027027 4663874.5 -3766.96964561149
14731455.4054054 4663874.5 -3775.28949941706
14732358.1081081 4663874.5 -3784.939046634
14733260.8108108 4663874.5 -3795.53555030353
14734163.5135135 4663874.5 -3807.23793870352
14735066.2162162 4663874.5 -3820.96186126194
14735968.9189189 4663874.5 -3836.63624402858
14736871.6216216 4663874.5 -3853.62931106829
14737774.3243243 4663874.5 -3870.98135493568
14738677.027027 4663874.5 -3889.31990179063
14739579.7297297 4663874.5 -3908.19583247737
14740482.4324324 4663874.5 -3927.11744675257
14741385.1351351 4663874.5 -3946.55203962251
14742287.8378378 4663874.5 -3962.92961955534
14743190.5405405 4663874.5 -3976.91119327543
14744093.2432432 4663874.5 -3988.47623666247
14744995.9459459 4663874.5 -3996.87329282156
14745898.6486486 4663874.5 -4002.44234160248
14746801.3513514 4663874.5 -4005.7824436195
14747704.0540541 4663874.5 -4007.53862163043
14748606.7567568 4663874.5 -4003.98626363541
14749509.4594595 4663874.5 -3994.46148281001
14750412.1621622 4663874.5 -3982.01552791323
14751314.8648649 4663874.5 -3973.39153892939
14752217.5675676 4663874.5 -3966.74147881389
14753120.2702703 4663874.5 -3961.90148466663
14754022.972973 4663874.5 -3960.5074078755
14754925.6756757 4663874.5 -3957.98141518233
14755828.3783784 4663874.5 -3952.84122480271
14756731.0810811 4663874.5 -3948.11181063412
14757633.7837838 4663874.5 -3940.17320110183
14758536.4864865 4663874.5 -3932.19920259395
14759439.1891892 4663874.5 -3915.51286159205
14760341.8918919 4663874.5 -3907.9002851852
14761244.5945946 4663874.5 -3904.3442358937
14762147.2972973 4663874.5 -3907.30250051562
14763050 4663874.5 -3907.30048783132
14696250 4664823 -4040.52898914575
14697152.7027027 4664823 -4041.16319370278
14698055.4054054 4664823 -4041.61387306044
14698958.1081081 4664823 -4041.85187224728
14699860.8108108 4664823 -4041.8683240849
14700763.5135135 4664823 -4041.68219604118
14701666.2162162 4664823 -4041.23592663907
14702568.9189189 4664823 -4040.48462544515
14703471.6216216 4664823 -4039.42526870828
14704374.3243243 4664823 -4038.06371040564
14705277.027027 4664823 -4035.96399538395
14706179.7297297 4664823 -4033.05553629463
14707082.4324324 4664823 -4029.95481105703
14707985.1351351 4664823 -4026.25198587903
14708887.8378378 4664823 -4021.48963313484
14709790.5405405 4664823 -4014.23889317229
14710693.2432432 4664823 -4002.54283512432
14711595.9459459 4664823 -3984.23195191974
14712498.6486486 4664823 -3964.00650888041
14713401.3513514 4664823 -3942.56945551964
14714304.0540541 4664823 -3921.08965815906
14715206.7567568 4664823 -3900.4105158743
14716109.4594595 4664823 -3880.72369219215
14717012.1621622 4664823 -3862.19100647645
14717914.8648649 4664823 -3843.98003525798
14718817.5675676 4664823 -3826.51051498298
14719720.2702703 4664823 -3808.84857460942
14720622.972973 4664823 -3791.92876534861
14721525.6756757 4664823 -3775.49881944524
14722428.3783784 4664823 -3763.10725517943
14723331.0810811 4664823 -3754.93680704112
14724233.7837838 4664823 -3749.62859952607
14725136.4864865 4664823 -3747.80846642006
14726039.1891892 4664823 -3748.46408868484
14726941.8918919 4664823 -3750.91284339219
14727844.5945946 4664823 -3755.26735207369
14728747.2972973 4664823 -3760.74575456079
14729650 4664823 -3766.80975072625
14730552.7027027 4664823 -3773.40456634491
14731455.4054054 4664823 -3781.0880685473
14732358.1081081 4664823 -3790.04415714689
14733260.8108108 4664823 -3799.8648028634
14734163.5135135 4664823 -3810.65871390543
14735066.2162162 4664823 -3823.35357860932
14735968.9189189 4664823 -3837.77149879757
14736871.6216216 4664823 -3852.77081057476
14737774.3243243 4664823 -3868.13544436263
14738677.027027 4664823 -3883.73441383391
14739579.7297297 4664823 -3899.91316776375
14740482.4324324 4664823 -3916.00237002106
14741385.1351351 4664823 -3933.57436739533
14742287.8378378 4664823 -3946.62850369144
14743190.5405405 4664823 -3958.0023403087
14744093.2432432 4664823 -3967.4537661325
14744995.9459459 4664823 -3974.63793464138
14745898.6486486 4664823 -3979.48060640512
14746801.3513514 4664823 -3982.03403538506
14747704.0540541 4664823 -3982.1081563049
14748606.7567568 4664823 -3979.23929320269
14749509.4594595 4664823 -3973.89269939147
14750412.1621622 4664823 -3967.74668408817
14751314.8648649 4664823 -3962.1178062442
14752217.5675676 4664823 -3957.41508294595
14753120.2702703 4664823 -3955.04810216975
14754022.972973 4664823 -3957.16784197135
14754925.6756757 4664823 -3959.54810537249
14755828.3783784 4664823 -3940.97697659723
14756731.0810811 4664823 -3935.29801627482
14757633.7837838 4664823 -3914.02179599321
14758536.4864865 4664823 -3893.65865747481
14759439.1891892 4664823 -3869.79873907339
14760341.8918919 4664823 -3846.02076898241
14761244.5945946 4664823 -3836.6005179066
14762147.2972973 4664823 -3845.76572085554
14763050 4664823 -3874.35355359782
14696250 4665771.5 -4037.67538518076
14697152.7027027 4665771.5 -4038.10348703281
14698055.4054054 4665771.5 -4038.37721039243
14698958.1081081 4665771.5 -4038.48091647248
14699860.8108108 4665771.5 -4038.36144606552
14700763.5135135 4665771.5 -4038.0180980653
14701666.2162162 4665771.5 -4037.39585338655
14702568.9189189 4665771.5 -4036.5105761286
14703471.6216216 4665771.5 -4035.35533020057
14704374.3243243 4665771.5 -4033.86668673679
14705277.027027 4665771.5 -4031.39492960808
14706179.7297297 4665771.5 -4028.37735583777
14707082.4324324 4665771.5 -4025.14259083089
14707985.1351351 4665771.5 -4020.98377014468
14708887.8378378 4665771.5 -4015.62589885986
14709790.5405405 4665771.5 -4008.0400882859
14710693.2432432 4665771.5 -3996.15636289477
14711595.9459459 4665771.5 -3977.67375094912
14712498.6486486 4665771.5 -3957.48635132242
14713401.3513514 4665771.5 -3936.62287304111
14714304.0540541 4665771.5 -3915.27678975134
14715206.7567568 4665771.5 -3895.35069180809
14716109.4594595 4665771.5 -3876.40952930746
14717012.1621622 4665771.5 -3858.39456085314
14717914.8648649 4665771.5 -3840.9996376053
14718817.5675676 4665771.5 -3824.22305515231
14719720.2702703 4665771.5 -3807.39008460574
14720622.972973 4665771.5 -3791.2763238054
14721525.6756757 4665771.5 -3775.99544490587
14722428.3783784 4665771.5 -3765.24726594658
14723331.0810811 4665771.5 -3757.79492036573
14724233.7837838 4665771.5 -3753.87065109628
14725136.4864865 4665771.5 -3753.26702511494
14726039.1891892 4665771.5 -3754.57030915141
14726941.8918919 4665771.5 -3757.40880538765
14727844.5945946 4665771.5 -3762.03298889717
14728747.2972973 4665771.5 -3767.40150257594
14729650 4665771.5 -3773.12684843401
14730552.7027027 4665771.5 -3779.35996640219
14731455.4054054 4665771.5 -3786.39834708941
14732358.1081081 4665771.5 -3794.67788506197
14733260.8108108 4665771.5 -3803.87181740219
14734163.5135135 4665771.5 -3813.84511362428
14735066.2162162 4665771.5 -3825.620160695
14735968.9189189 4665771.5 -3838.57075965318
14736871.6216216 4665771.5 -3851.75399259674
14737774.3243243 4665771.5 -3865.23805733353
14738677.027027 4665771.5 -3878.94815034467
14739579.7297297 4665771.5 -3893.13005868595
14740482.4324324 4665771.5 -3907.86132290642
14741385.1351351 4665771.5 -3922.9878839464
14742287.8378378 4665771.5 -3933.82723001765
14743190.5405405 4665771.5 -3943.41488089208
14744093.2432432 4665771.5 -3951.47451002866
14744995.9459459 4665771.5 -3957.74586035456
14745898.6486486 4665771.5 -3962.11531215282
14746801.3513514 4665771.5 -3964.5352608651
14747704.0540541 4665771.5 -3964.95433258065
14748606.7567568 4665771.5 -3963.42033952517
14749509.4594595 4665771.5 -3960.31532975147
14750412.1621622 4665771.5 -3956.27663787918
14751314.8648649 4665771.5 -3951.94813018047
14752217.5675676 4665771.5 -3947.67986920497
14753120.2702703 4665771.5 -3943.76331638311
14754022.972973 4665771.5 -3940.52553507305
14754925.6756757 4665771.5 -3937.08090516217
14755828.3783784 4665771.5 -3923.84716057004
14756731.0810811 4665771.5 -3895.37343638865
14757633.7837838 4665771.5 -3852.20328751747
14758536.4864865 4665771.5 -3811.25040958166
14759439.1891892 4665771.5 -3777.57113022265
14760341.8918919 4665771.5 -3753.96403379673
14761244.5945946 4665771.5 -3744.77502992224
14762147.2972973 4665771.5 -3797.86835139432
14763050 4665771.5 -3849.54354402411
14696250 4666720 -4034.96534834032
14697152.7027027 4666720 -4035.25310101832
14698055.4054054 4666720 -4035.4007221498
14698958.1081081 4666720 -4035.34426158786
14699860.8108108 4666720 -4035.07508338914
14700763.5135135 4666720 -4034.54596553821
14701666.2162162 4666720 -4033.82764407779
14702568.9189189 4666720 -4032.81745099451
14703471.6216216 4666720 -4031.55008944809
14704374.3243243 4666720 -4029.79583649715
14705277.027027 4666720 -4027.17068928033
14706179.7297297 4666720 -4023.96072015821
14707082.4324324 4666720 -4020.39260975315
14707985.1351351 4666720 -4015.84424201202
14708887.8378378 4666720 -4010.02066571257
14709790.5405405 4666720 -4002.16335475522
14710693.2432432 4666720 -3989.87520499488
14711595.9459459 4666720 -3971.49341775563
14712498.6486486 4666720 -3951.27651350428
14713401.3513514 4666720 -3931.0405664473
14714304.0540541 4666720 -3910.04936031494
14715206.7567568 4666720 -3890.74373102951
14716109.4594595 4666720 -3872.27025310523
14717012.1621622 4666720 -3854.72132990556
14717914.8648649 4666720 -3838.31093105151
14718817.5675676 4666720 -3822.2184008674
14719720.2702703 4666720 -3806.07157928885
14720622.972973 4666720 -3790.36944841284
14721525.6756757 4666720 -3776.92388507083
14722428.3783784 4666720 -3767.17605464815
14723331.0810811 4666720 -3760.80725609305
14724233.7837838 4666720 -3758.23229950086
14725136.4864865 4666720 -3758.59477299923
14726039.1891892 4666720 -3760.36281266493
14726941.8918919 4666720 -3763.88237829115
14727844.5945946 4666720 -3768.52056212911
14728747.2972973 4666720 -3773.56493993432
14729650 4666720 -3778.9370600078
14730552.7027027 4666720 -3784.69430876184
14731455.4054054 4666720 -3791.2710715788
14732358.1081081 4666720 -3798.88246178908
14733260.8108108 4666720 -3807.50967222419
14734163.5135135 4666720 -3816.79311183137
14735066.2162162 4666720 -3827.53553581657
14735968.9189189 4666720 -3839.21323938959
14736871.6216216 4666720 -3850.87570866202
14737774.3243243 4666720 -3862.57207188585
14738677.027027 4666720 -3874.75628573613
14739579.7297297 4666720 -3887.24991381766
14740482.4324324 4666720 -3901.58686254507
14741385.1351351 4666720 -3914.19366093569
14742287.8378378 4666720 -3923.4599944552
14743190.5405405 4666720 -3931.70825799267
14744093.2432432 4666720 -3938.71290479878
14744995.9459459 4666720 -3944.26525609859
14745898.6486486 4666720 -3948.30231888675
14746801.3513514 4666720 -3950.72288610904
14747704.0540541 4666720 -3951.55413964968
14748606.7567568 4666720 -3950.89720542166
14749509.4594595 4666720 -3948.99165315401
14750412.1621622 4666720 -3946.14061592172
14751314.8648649 4666720 -3942.64439038339
14752217.5675676 4666720 -3938.61859054617
14753120.2702703 4666720 -3933.96221545794
14754022.972973 4666720 -3928.03239485819
14754925.6756757 4666720 -3918.91257602249
14755828.3783784 4666720 -3902.15515896266
14756731.0810811 4666720 -3870.34329156076
14757633.7837838 4666720 -3825.49367132913
14758536.4864865 4666720 -3794.91947012052
14759439.1891892 4666720 -3762.69794094722
14760341.8918919 4666720 -3731.9504858621
14761244.5945946 4666720 -3697.82723622091
14762147.2972973 4666720 -3788.79517132825
14763050 4666720 -3840.74153146334
